PdfType: replica
Format: lhagrid1
---
  3.162278e-04   3.266301e-04   3.373747e-04   3.484726e-04   3.599357e-04   3.717758e-04   3.840054e-04   3.966373e-04   4.096848e-04   4.231614e-04   4.370813e-04   4.514592e-04   4.663100e-04   4.816493e-04   4.974932e-04   5.138583e-04   5.307617e-04   5.482212e-04   5.662550e-04   5.848820e-04   6.041218e-04   6.239944e-04   6.445208e-04   6.657224e-04   6.876214e-04   7.102408e-04   7.336043e-04   7.577363e-04   7.826621e-04   8.084079e-04   8.350005e-04   8.624680e-04   8.908389e-04   9.201432e-04   9.504114e-04   9.816753e-04   1.013968e-03   1.047322e-03   1.081774e-03   1.117359e-03   1.154115e-03   1.192080e-03   1.231293e-03   1.271797e-03   1.313633e-03   1.356845e-03   1.401478e-03   1.447580e-03   1.495198e-03   1.544383e-03   1.595186e-03   1.647660e-03   1.701859e-03   1.757842e-03   1.815667e-03   1.875393e-03   1.937085e-03   2.000805e-03   2.066622e-03   2.134604e-03   2.204822e-03   2.277350e-03   2.352263e-03   2.429641e-03   2.509565e-03   2.592117e-03   2.677385e-03   2.765458e-03   2.856428e-03   2.950391e-03   3.047444e-03   3.147690e-03   3.251234e-03   3.358183e-03   3.468651e-03   3.582753e-03   3.700608e-03   3.822340e-03   3.948076e-03   4.077949e-03   4.212093e-03   4.350651e-03   4.493766e-03   4.641589e-03   4.794274e-03   4.951983e-03   5.114879e-03   5.283133e-03   5.456923e-03   5.636429e-03   5.821840e-03   6.013350e-03   6.211160e-03   6.415476e-03   6.626514e-03   6.844494e-03   7.069645e-03   7.302202e-03   7.542408e-03   7.790517e-03   8.046787e-03   8.311487e-03   8.584894e-03   8.867295e-03   9.158986e-03   9.460272e-03   9.771469e-03   1.009290e-02   1.042491e-02   1.076784e-02   1.112205e-02   1.148791e-02   1.186580e-02   1.225613e-02   1.265930e-02   1.307573e-02   1.350586e-02   1.395013e-02   1.440902e-02   1.488301e-02   1.537259e-02   1.587827e-02   1.640059e-02   1.694009e-02   1.749733e-02   1.807291e-02   1.866742e-02   1.928149e-02   1.991576e-02   2.057089e-02   2.124757e-02   2.194651e-02   2.266844e-02   2.341412e-02   2.418433e-02   2.497988e-02   2.580160e-02   2.665034e-02   2.752701e-02   2.843251e-02   2.936780e-02   3.033386e-02   3.133170e-02   3.236236e-02   3.342692e-02   3.452650e-02   3.566226e-02   3.683537e-02   3.804708e-02   3.929864e-02   4.059137e-02   4.192663e-02   4.330581e-02   4.473036e-02   4.620177e-02   4.772158e-02   4.929139e-02   5.091284e-02   5.258762e-02   5.431750e-02   5.610428e-02   5.794984e-02   5.985610e-02   6.182508e-02   6.385882e-02   6.595946e-02   6.812921e-02   7.037033e-02   7.268517e-02   7.507615e-02   7.754579e-02   8.009667e-02   8.273146e-02   8.545292e-02   8.826390e-02   9.116736e-02   9.416632e-02   9.726393e-02   1.004634e-01   1.037682e-01   1.071817e-01   1.107074e-01   1.143491e-01   1.181107e-01   1.219959e-01   1.260090e-01   1.301541e-01   1.344355e-01   1.388578e-01   1.434255e-01   1.481435e-01   1.530167e-01   1.580502e-01   1.632493e-01   1.686194e-01   1.741662e-01   1.798954e-01   1.858131e-01   1.919254e-01   1.982388e-01   2.047599e-01   2.114955e-01   2.184527e-01   2.256387e-01   2.330611e-01   2.407277e-01   2.486465e-01   2.568257e-01   2.652741e-01   2.740003e-01   2.830135e-01   2.923233e-01   3.019393e-01   3.118717e-01   3.221307e-01   3.327272e-01   3.436723e-01   3.549775e-01   3.666545e-01   3.787157e-01   3.911735e-01   4.040412e-01   4.173322e-01   4.310604e-01   4.452402e-01   4.598864e-01   4.750145e-01   4.906401e-01   5.067798e-01   5.234504e-01   5.406693e-01   5.584547e-01   5.768251e-01   5.957999e-01   6.153988e-01   6.356424e-01   6.565519e-01   6.781493e-01   7.004571e-01   7.234987e-01   7.472983e-01   7.718807e-01   7.972718e-01   8.234982e-01   8.505873e-01   8.785674e-01   9.074680e-01   9.373193e-01   9.681525e-01   1.000000e+00
0.1E+001 0.1E+007
-12 12
  0.000000e+00   0.000000e+00
  0.000000e+00   0.000000e+00
  0.000000e+00   0.000000e+00
  0.000000e+00   0.000000e+00
  0.000000e+00   0.000000e+00
  0.000000e+00   0.000000e+00
  0.000000e+00   0.000000e+00
  0.000000e+00   0.000000e+00
  0.000000e+00   0.000000e+00
  0.000000e+00   0.000000e+00
  2.049086e-07   2.049086e-07
  2.049086e-07   2.049086e-07
  8.142041e-06   8.142041e-06
  8.142041e-06   8.142041e-06
  3.809137e-05   3.809137e-05
  3.809137e-05   3.809137e-05
  9.144627e-05   9.144627e-05
  9.144627e-05   9.144627e-05
  1.711728e-04   1.711728e-04
  1.711728e-04   1.711728e-04
  2.825289e-04   2.825289e-04
  2.825289e-04   2.825289e-04
  4.273489e-04   4.273489e-04
  4.273489e-04   4.273489e-04
  6.092721e-04   6.092721e-04
  6.092721e-04   6.092721e-04
  8.844383e-04   8.844383e-04
  8.844383e-04   8.844383e-04
  1.559715e-03   1.559715e-03
  1.559715e-03   1.559715e-03
  2.733931e-03   2.733931e-03
  2.733931e-03   2.733931e-03
  4.475222e-03   4.475222e-03
  4.475222e-03   4.475222e-03
  7.296566e-03   7.296566e-03
  7.296566e-03   7.296566e-03
  1.423416e-02   1.423416e-02
  1.423416e-02   1.423416e-02
  2.686527e-02   2.686527e-02
  2.686527e-02   2.686527e-02
  4.629116e-02   4.629116e-02
  4.629116e-02   4.629116e-02
  9.426237e-02   6.155206e-02
  9.426237e-02   6.155206e-02
  1.511107e-01   7.633602e-02
  1.511107e-01   7.633602e-02
  2.140525e-01   9.156714e-02
  2.140525e-01   9.156714e-02
  2.836155e-01   1.071943e-01
  2.836155e-01   1.071943e-01
  3.579881e-01   1.239751e-01
  3.579881e-01   1.239751e-01
  4.351454e-01   1.426958e-01
  4.351454e-01   1.426958e-01
  5.145486e-01   1.636186e-01
  5.145486e-01   1.636186e-01
  5.964831e-01   1.868919e-01
  5.964831e-01   1.868919e-01
  6.809118e-01   2.127140e-01
  6.809118e-01   2.127140e-01
  7.674680e-01   2.413083e-01
  7.674680e-01   2.413083e-01
  8.560286e-01   2.729045e-01
  8.560286e-01   2.729045e-01
  9.482238e-01   3.113599e-01
  9.482238e-01   3.113599e-01
  1.046288e+00   3.627580e-01
  1.046288e+00   3.627580e-01
  1.150658e+00   4.299178e-01
  1.150658e+00   4.299178e-01
  1.261823e+00   5.136809e-01
  1.261823e+00   5.136809e-01
  1.380177e+00   6.159107e-01
  1.380177e+00   6.159107e-01
  1.505609e+00   7.390523e-01
  1.505609e+00   7.390523e-01
  1.638144e+00   8.843782e-01
  1.638144e+00   8.843782e-01
  1.780251e+00   1.050377e+00
  1.780251e+00   1.050377e+00
  1.936987e+00   1.231773e+00
  1.936987e+00   1.231773e+00
  2.106264e+00   1.424665e+00
  2.106264e+00   1.424665e+00
  2.283600e+00   1.624596e+00
  2.283600e+00   1.624596e+00
  2.469073e+00   1.831321e+00
  2.469073e+00   1.831321e+00
  2.640089e+00   2.054421e+00
  2.640089e+00   2.054421e+00
  2.792781e+00   2.308835e+00
  2.792781e+00   2.308835e+00
  2.959030e+00   2.583988e+00
  2.959030e+00   2.583988e+00
  3.136262e+00   2.871577e+00
  3.136262e+00   2.871577e+00
  3.326113e+00   3.169824e+00
  3.326113e+00   3.169824e+00
  3.536708e+00   3.477090e+00
  3.536708e+00   3.477090e+00
  3.771442e+00   3.792523e+00
  3.771442e+00   3.792523e+00
  4.033424e+00   4.114532e+00
  4.033424e+00   4.114532e+00
  4.324231e+00   4.444010e+00
  4.324231e+00   4.444010e+00
  4.643717e+00   4.781571e+00
  4.643717e+00   4.781571e+00
  4.978744e+00   5.132118e+00
  4.978744e+00   5.132118e+00
  5.325948e+00   5.495409e+00
  5.325948e+00   5.495409e+00
  5.680097e+00   5.858526e+00
  5.680097e+00   5.858526e+00
  6.038088e+00   6.214479e+00
  6.038088e+00   6.214479e+00
  6.398192e+00   6.559647e+00
  6.398192e+00   6.559647e+00
  6.760565e+00   6.893328e+00
  6.760565e+00   6.893328e+00
  7.124941e+00   7.212395e+00
  7.124941e+00   7.212395e+00
  7.501671e+00   7.508527e+00
  7.501671e+00   7.508527e+00
  7.893735e+00   7.782445e+00
  7.893735e+00   7.782445e+00
  8.292656e+00   8.045716e+00
  8.292656e+00   8.045716e+00
  8.692081e+00   8.302855e+00
  8.692081e+00   8.302855e+00
  9.090630e+00   8.552284e+00
  9.090630e+00   8.552284e+00
  9.487669e+00   8.792901e+00
  9.487669e+00   8.792901e+00
  9.881286e+00   9.022679e+00
  9.881286e+00   9.022679e+00
  1.029224e+01   9.257459e+00
  1.029224e+01   9.257459e+00
  1.072947e+01   9.504494e+00
  1.072947e+01   9.504494e+00
  1.120142e+01   9.780872e+00
  1.120142e+01   9.780872e+00
  1.171730e+01   1.010454e+01
  1.171730e+01   1.010454e+01
  1.228013e+01   1.047898e+01
  1.228013e+01   1.047898e+01
  1.289359e+01   1.090879e+01
  1.289359e+01   1.090879e+01
  1.356291e+01   1.140149e+01
  1.356291e+01   1.140149e+01
  1.425790e+01   1.194469e+01
  1.425790e+01   1.194469e+01
  1.496452e+01   1.253123e+01
  1.496452e+01   1.253123e+01
  1.570245e+01   1.315606e+01
  1.570245e+01   1.315606e+01
  1.649721e+01   1.381245e+01
  1.649721e+01   1.381245e+01
  1.735196e+01   1.450235e+01
  1.735196e+01   1.450235e+01
  1.827137e+01   1.522757e+01
  1.827137e+01   1.522757e+01
  1.926144e+01   1.598983e+01
  1.926144e+01   1.598983e+01
  2.032244e+01   1.679092e+01
  2.032244e+01   1.679092e+01
  2.145496e+01   1.763301e+01
  2.145496e+01   1.763301e+01
  2.265003e+01   1.851997e+01
  2.265003e+01   1.851997e+01
  2.388765e+01   1.945707e+01
  2.388765e+01   1.945707e+01
  2.517096e+01   2.044733e+01
  2.517096e+01   2.044733e+01
  2.650086e+01   2.149402e+01
  2.650086e+01   2.149402e+01
  2.787589e+01   2.260064e+01
  2.787589e+01   2.260064e+01
  2.930551e+01   2.376167e+01
  2.930551e+01   2.376167e+01
  3.079940e+01   2.497055e+01
  3.079940e+01   2.497055e+01
  3.233975e+01   2.621160e+01
  3.233975e+01   2.621160e+01
  3.387802e+01   2.744585e+01
  3.387802e+01   2.744585e+01
  3.541353e+01   2.867241e+01
  3.541353e+01   2.867241e+01
  3.693972e+01   2.988529e+01
  3.693972e+01   2.988529e+01
  3.844048e+01   3.107028e+01
  3.844048e+01   3.107028e+01
  3.992087e+01   3.223121e+01
  3.992087e+01   3.223121e+01
  4.138105e+01   3.336759e+01
  4.138105e+01   3.336759e+01
  4.283634e+01   3.448419e+01
  4.283634e+01   3.448419e+01
  4.436375e+01   3.562223e+01
  4.436375e+01   3.562223e+01
  4.597090e+01   3.678382e+01
  4.597090e+01   3.678382e+01
  4.766348e+01   3.796811e+01
  4.766348e+01   3.796811e+01
  4.944888e+01   3.917323e+01
  4.944888e+01   3.917323e+01
  5.130609e+01   4.040980e+01
  5.130609e+01   4.040980e+01
  5.318254e+01   4.170086e+01
  5.318254e+01   4.170086e+01
  5.506535e+01   4.305449e+01
  5.506535e+01   4.305449e+01
  5.696627e+01   4.447426e+01
  5.696627e+01   4.447426e+01
  5.888412e+01   4.596405e+01
  5.888412e+01   4.596405e+01
  6.081273e+01   4.752936e+01
  6.081273e+01   4.752936e+01
  6.274551e+01   4.917600e+01
  6.274551e+01   4.917600e+01
  6.469387e+01   5.088639e+01
  6.469387e+01   5.088639e+01
  6.670006e+01   5.258890e+01
  6.670006e+01   5.258890e+01
  6.876966e+01   5.426155e+01
  6.876966e+01   5.426155e+01
  7.088079e+01   5.593208e+01
  7.088079e+01   5.593208e+01
  7.302796e+01   5.760075e+01
  7.302796e+01   5.760075e+01
  7.520796e+01   5.925913e+01
  7.520796e+01   5.925913e+01
  7.741882e+01   6.090142e+01
  7.741882e+01   6.090142e+01
  7.965351e+01   6.253142e+01
  7.965351e+01   6.253142e+01
  8.187148e+01   6.419620e+01
  8.187148e+01   6.419620e+01
  8.404745e+01   6.590586e+01
  8.404745e+01   6.590586e+01
  8.615615e+01   6.764314e+01
  8.615615e+01   6.764314e+01
  8.817589e+01   6.940145e+01
  8.817589e+01   6.940145e+01
  9.008007e+01   7.117823e+01
  9.008007e+01   7.117823e+01
  9.185527e+01   7.297162e+01
  9.185527e+01   7.297162e+01
  9.348119e+01   7.477751e+01
  9.348119e+01   7.477751e+01
  9.490214e+01   7.656951e+01
  9.490214e+01   7.656951e+01
  9.608862e+01   7.832790e+01
  9.608862e+01   7.832790e+01
  9.713827e+01   7.999845e+01
  9.713827e+01   7.999845e+01
  9.809092e+01   8.154177e+01
  9.809092e+01   8.154177e+01
  9.893588e+01   8.292499e+01
  9.893588e+01   8.292499e+01
  9.965968e+01   8.413682e+01
  9.965968e+01   8.413682e+01
  1.002533e+02   8.515287e+01
  1.002533e+02   8.515287e+01
  1.007981e+02   8.593112e+01
  1.007981e+02   8.593112e+01
  1.013279e+02   8.644813e+01
  1.013279e+02   8.644813e+01
  1.017563e+02   8.680928e+01
  1.017563e+02   8.680928e+01
  1.020173e+02   8.709071e+01
  1.020173e+02   8.709071e+01
  1.020943e+02   8.729132e+01
  1.020943e+02   8.729132e+01
  1.019678e+02   8.739830e+01
  1.019678e+02   8.739830e+01
  1.016186e+02   8.740621e+01
  1.016186e+02   8.740621e+01
  1.010630e+02   8.738436e+01
  1.010630e+02   8.738436e+01
  1.003047e+02   8.736953e+01
  1.003047e+02   8.736953e+01
  9.937743e+01   8.728727e+01
  9.937743e+01   8.728727e+01
  9.832910e+01   8.706014e+01
  9.832910e+01   8.706014e+01
  9.716101e+01   8.667714e+01
  9.716101e+01   8.667714e+01
  9.585726e+01   8.612141e+01
  9.585726e+01   8.612141e+01
  9.441365e+01   8.537858e+01
  9.441365e+01   8.537858e+01
  9.286559e+01   8.446730e+01
  9.286559e+01   8.446730e+01
  9.120714e+01   8.339136e+01
  9.120714e+01   8.339136e+01
  8.947046e+01   8.216644e+01
  8.947046e+01   8.216644e+01
  8.772723e+01   8.083379e+01
  8.772723e+01   8.083379e+01
  8.598791e+01   7.938959e+01
  8.598791e+01   7.938959e+01
  8.425273e+01   7.782347e+01
  8.425273e+01   7.782347e+01
  8.254542e+01   7.613698e+01
  8.254542e+01   7.613698e+01
  8.093086e+01   7.437793e+01
  8.093086e+01   7.437793e+01
  7.942396e+01   7.257405e+01
  7.942396e+01   7.257405e+01
  7.796342e+01   7.074281e+01
  7.796342e+01   7.074281e+01
  7.640057e+01   6.893740e+01
  7.640057e+01   6.893740e+01
  7.471042e+01   6.715691e+01
  7.471042e+01   6.715691e+01
  7.288576e+01   6.541147e+01
  7.288576e+01   6.541147e+01
  7.093187e+01   6.373550e+01
  7.093187e+01   6.373550e+01
  6.890334e+01   6.217223e+01
  6.890334e+01   6.217223e+01
  6.688299e+01   6.074256e+01
  6.688299e+01   6.074256e+01
  6.486463e+01   5.942421e+01
  6.486463e+01   5.942421e+01
  6.280798e+01   5.810565e+01
  6.280798e+01   5.810565e+01
  6.068482e+01   5.675481e+01
  6.068482e+01   5.675481e+01
  5.850202e+01   5.537872e+01
  5.850202e+01   5.537872e+01
  5.628605e+01   5.400051e+01
  5.628605e+01   5.400051e+01
  5.405069e+01   5.263518e+01
  5.405069e+01   5.263518e+01
  5.181653e+01   5.130751e+01
  5.181653e+01   5.130751e+01
  4.959676e+01   5.002344e+01
  4.959676e+01   5.002344e+01
  4.737811e+01   4.873645e+01
  4.737811e+01   4.873645e+01
  4.514059e+01   4.742451e+01
  4.514059e+01   4.742451e+01
  4.289783e+01   4.609524e+01
  4.289783e+01   4.609524e+01
  4.069193e+01   4.477562e+01
  4.069193e+01   4.477562e+01
  3.852723e+01   4.347190e+01
  3.852723e+01   4.347190e+01
  3.643837e+01   4.223107e+01
  3.643837e+01   4.223107e+01
  3.445825e+01   4.106925e+01
  3.445825e+01   4.106925e+01
  3.255641e+01   3.988735e+01
  3.255641e+01   3.988735e+01
  3.071921e+01   3.865192e+01
  3.071921e+01   3.865192e+01
  2.896856e+01   3.736549e+01
  2.896856e+01   3.736549e+01
  2.736437e+01   3.604783e+01
  2.736437e+01   3.604783e+01
  2.590403e+01   3.469207e+01
  2.590403e+01   3.469207e+01
  2.463785e+01   3.333181e+01
  2.463785e+01   3.333181e+01
  2.360948e+01   3.199292e+01
  2.360948e+01   3.199292e+01
  2.262139e+01   3.063827e+01
  2.262139e+01   3.063827e+01
  2.160628e+01   2.925329e+01
  2.160628e+01   2.925329e+01
  2.057032e+01   2.784744e+01
  2.057032e+01   2.784744e+01
  1.952631e+01   2.643965e+01
  1.952631e+01   2.643965e+01
  1.847213e+01   2.502585e+01
  1.847213e+01   2.502585e+01
  1.743799e+01   2.363592e+01
  1.743799e+01   2.363592e+01
  1.645679e+01   2.230856e+01
  1.645679e+01   2.230856e+01
  1.548716e+01   2.099796e+01
  1.548716e+01   2.099796e+01
  1.451558e+01   1.969051e+01
  1.451558e+01   1.969051e+01
  1.355392e+01   1.840328e+01
  1.355392e+01   1.840328e+01
  1.261287e+01   1.715174e+01
  1.261287e+01   1.715174e+01
  1.169291e+01   1.593778e+01
  1.169291e+01   1.593778e+01
  1.080846e+01   1.478860e+01
  1.080846e+01   1.478860e+01
  9.990333e+00   1.375401e+01
  9.990333e+00   1.375401e+01
  9.196505e+00   1.275974e+01
  9.196505e+00   1.275974e+01
  8.412979e+00   1.177669e+01
  8.412979e+00   1.177669e+01
  7.653322e+00   1.082175e+01
  7.653322e+00   1.082175e+01
  6.923120e+00   9.901757e+00
  6.923120e+00   9.901757e+00
  6.226276e+00   9.021440e+00
  6.226276e+00   9.021440e+00
  5.579101e+00   8.201514e+00
  5.579101e+00   8.201514e+00
  5.005233e+00   7.471976e+00
  5.005233e+00   7.471976e+00
  4.473943e+00   6.788950e+00
  4.473943e+00   6.788950e+00
  3.966353e+00   6.123532e+00
  3.966353e+00   6.123532e+00
  3.495131e+00   5.489304e+00
  3.495131e+00   5.489304e+00
  3.062329e+00   4.887714e+00
  3.062329e+00   4.887714e+00
  2.674068e+00   4.324884e+00
  2.674068e+00   4.324884e+00
  2.344377e+00   3.816443e+00
  2.344377e+00   3.816443e+00
  2.087051e+00   3.377847e+00
  2.087051e+00   3.377847e+00
  1.873237e+00   2.984772e+00
  1.873237e+00   2.984772e+00
  1.667714e+00   2.609621e+00
  1.667714e+00   2.609621e+00
  1.472711e+00   2.260741e+00
  1.472711e+00   2.260741e+00
  1.287447e+00   1.937013e+00
  1.287447e+00   1.937013e+00
  1.121699e+00   1.656407e+00
  1.121699e+00   1.656407e+00
  1.026018e+00   1.514684e+00
  1.026018e+00   1.514684e+00
  8.748999e-01   1.290912e+00
  8.748999e-01   1.290912e+00
  7.125453e-01   1.050507e+00
  7.125453e-01   1.050507e+00
  5.385075e-01   7.928075e-01
  5.385075e-01   7.928075e-01
  3.525806e-01   5.175079e-01
  3.525806e-01   5.175079e-01
  1.536354e-01   2.229375e-01
  1.536354e-01   2.229375e-01
  0.000000e+00   0.000000e+00
  0.000000e+00   0.000000e+00
  0.000000e+00   0.000000e+00
  0.000000e+00   0.000000e+00
  0.000000e+00   0.000000e+00
  0.000000e+00   0.000000e+00
  0.000000e+00   0.000000e+00
  0.000000e+00   0.000000e+00
  0.000000e+00   0.000000e+00
  0.000000e+00   0.000000e+00
  0.000000e+00   0.000000e+00
  0.000000e+00   0.000000e+00
  0.000000e+00   0.000000e+00
  0.000000e+00   0.000000e+00
  0.000000e+00   0.000000e+00
  0.000000e+00   0.000000e+00
  0.000000e+00   0.000000e+00
  0.000000e+00   0.000000e+00
  0.000000e+00   0.000000e+00
  0.000000e+00   0.000000e+00
  0.000000e+00   0.000000e+00
  0.000000e+00   0.000000e+00
  0.000000e+00   0.000000e+00
  0.000000e+00   0.000000e+00
  0.000000e+00   0.000000e+00
  0.000000e+00   0.000000e+00
  0.000000e+00   0.000000e+00
  0.000000e+00   0.000000e+00
  0.000000e+00   0.000000e+00
  0.000000e+00   0.000000e+00
  0.000000e+00   0.000000e+00
  0.000000e+00   0.000000e+00
  0.000000e+00   0.000000e+00
  0.000000e+00   0.000000e+00
  0.000000e+00   0.000000e+00
  0.000000e+00   0.000000e+00
  0.000000e+00   0.000000e+00
  0.000000e+00   0.000000e+00
  0.000000e+00   0.000000e+00
  0.000000e+00   0.000000e+00
  0.000000e+00   0.000000e+00
  0.000000e+00   0.000000e+00
  0.000000e+00   0.000000e+00
  0.000000e+00   0.000000e+00
  0.000000e+00   0.000000e+00
  0.000000e+00   0.000000e+00
  0.000000e+00   0.000000e+00
  0.000000e+00   0.000000e+00
  0.000000e+00   0.000000e+00
  0.000000e+00   0.000000e+00
  0.000000e+00   0.000000e+00
  0.000000e+00   0.000000e+00
  0.000000e+00   0.000000e+00
  0.000000e+00   0.000000e+00
---
