PdfType: replica
Format: lhagrid1
---
  3.162278e-04   3.266301e-04   3.373747e-04   3.484726e-04   3.599357e-04   3.717758e-04   3.840054e-04   3.966373e-04   4.096848e-04   4.231614e-04   4.370813e-04   4.514592e-04   4.663100e-04   4.816493e-04   4.974932e-04   5.138583e-04   5.307617e-04   5.482212e-04   5.662550e-04   5.848820e-04   6.041218e-04   6.239944e-04   6.445208e-04   6.657224e-04   6.876214e-04   7.102408e-04   7.336043e-04   7.577363e-04   7.826621e-04   8.084079e-04   8.350005e-04   8.624680e-04   8.908389e-04   9.201432e-04   9.504114e-04   9.816753e-04   1.013968e-03   1.047322e-03   1.081774e-03   1.117359e-03   1.154115e-03   1.192080e-03   1.231293e-03   1.271797e-03   1.313633e-03   1.356845e-03   1.401478e-03   1.447580e-03   1.495198e-03   1.544383e-03   1.595186e-03   1.647660e-03   1.701859e-03   1.757842e-03   1.815667e-03   1.875393e-03   1.937085e-03   2.000805e-03   2.066622e-03   2.134604e-03   2.204822e-03   2.277350e-03   2.352263e-03   2.429641e-03   2.509565e-03   2.592117e-03   2.677385e-03   2.765458e-03   2.856428e-03   2.950391e-03   3.047444e-03   3.147690e-03   3.251234e-03   3.358183e-03   3.468651e-03   3.582753e-03   3.700608e-03   3.822340e-03   3.948076e-03   4.077949e-03   4.212093e-03   4.350651e-03   4.493766e-03   4.641589e-03   4.794274e-03   4.951983e-03   5.114879e-03   5.283133e-03   5.456923e-03   5.636429e-03   5.821840e-03   6.013350e-03   6.211160e-03   6.415476e-03   6.626514e-03   6.844494e-03   7.069645e-03   7.302202e-03   7.542408e-03   7.790517e-03   8.046787e-03   8.311487e-03   8.584894e-03   8.867295e-03   9.158986e-03   9.460272e-03   9.771469e-03   1.009290e-02   1.042491e-02   1.076784e-02   1.112205e-02   1.148791e-02   1.186580e-02   1.225613e-02   1.265930e-02   1.307573e-02   1.350586e-02   1.395013e-02   1.440902e-02   1.488301e-02   1.537259e-02   1.587827e-02   1.640059e-02   1.694009e-02   1.749733e-02   1.807291e-02   1.866742e-02   1.928149e-02   1.991576e-02   2.057089e-02   2.124757e-02   2.194651e-02   2.266844e-02   2.341412e-02   2.418433e-02   2.497988e-02   2.580160e-02   2.665034e-02   2.752701e-02   2.843251e-02   2.936780e-02   3.033386e-02   3.133170e-02   3.236236e-02   3.342692e-02   3.452650e-02   3.566226e-02   3.683537e-02   3.804708e-02   3.929864e-02   4.059137e-02   4.192663e-02   4.330581e-02   4.473036e-02   4.620177e-02   4.772158e-02   4.929139e-02   5.091284e-02   5.258762e-02   5.431750e-02   5.610428e-02   5.794984e-02   5.985610e-02   6.182508e-02   6.385882e-02   6.595946e-02   6.812921e-02   7.037033e-02   7.268517e-02   7.507615e-02   7.754579e-02   8.009667e-02   8.273146e-02   8.545292e-02   8.826390e-02   9.116736e-02   9.416632e-02   9.726393e-02   1.004634e-01   1.037682e-01   1.071817e-01   1.107074e-01   1.143491e-01   1.181107e-01   1.219959e-01   1.260090e-01   1.301541e-01   1.344355e-01   1.388578e-01   1.434255e-01   1.481435e-01   1.530167e-01   1.580502e-01   1.632493e-01   1.686194e-01   1.741662e-01   1.798954e-01   1.858131e-01   1.919254e-01   1.982388e-01   2.047599e-01   2.114955e-01   2.184527e-01   2.256387e-01   2.330611e-01   2.407277e-01   2.486465e-01   2.568257e-01   2.652741e-01   2.740003e-01   2.830135e-01   2.923233e-01   3.019393e-01   3.118717e-01   3.221307e-01   3.327272e-01   3.436723e-01   3.549775e-01   3.666545e-01   3.787157e-01   3.911735e-01   4.040412e-01   4.173322e-01   4.310604e-01   4.452402e-01   4.598864e-01   4.750145e-01   4.906401e-01   5.067798e-01   5.234504e-01   5.406693e-01   5.584547e-01   5.768251e-01   5.957999e-01   6.153988e-01   6.356424e-01   6.565519e-01   6.781493e-01   7.004571e-01   7.234987e-01   7.472983e-01   7.718807e-01   7.972718e-01   8.234982e-01   8.505873e-01   8.785674e-01   9.074680e-01   9.373193e-01   9.681525e-01   1.000000e+00
0.1E+001 0.1E+007
-16 -14 -12 12 14 16
  0.000000e+00   0.000000e+00   0.000000e+00   0.000000e+00   0.000000e+00   0.000000e+00
  0.000000e+00   0.000000e+00   0.000000e+00   0.000000e+00   0.000000e+00   0.000000e+00
  0.000000e+00   0.000000e+00   0.000000e+00   0.000000e+00   0.000000e+00   0.000000e+00
  0.000000e+00   0.000000e+00   0.000000e+00   0.000000e+00   0.000000e+00   0.000000e+00
  0.000000e+00   0.000000e+00   0.000000e+00   0.000000e+00   0.000000e+00   0.000000e+00
  0.000000e+00   0.000000e+00   0.000000e+00   0.000000e+00   0.000000e+00   0.000000e+00
  0.000000e+00   0.000000e+00   0.000000e+00   0.000000e+00   0.000000e+00   0.000000e+00
  0.000000e+00   0.000000e+00   0.000000e+00   0.000000e+00   0.000000e+00   0.000000e+00
  0.000000e+00   0.000000e+00   0.000000e+00   0.000000e+00   0.000000e+00   0.000000e+00
  0.000000e+00   0.000000e+00   0.000000e+00   0.000000e+00   0.000000e+00   0.000000e+00
  0.000000e+00   0.000000e+00   0.000000e+00   0.000000e+00   0.000000e+00   0.000000e+00
  0.000000e+00   0.000000e+00   0.000000e+00   0.000000e+00   0.000000e+00   0.000000e+00
  0.000000e+00   0.000000e+00   0.000000e+00   0.000000e+00   0.000000e+00   0.000000e+00
  0.000000e+00   0.000000e+00   0.000000e+00   0.000000e+00   0.000000e+00   0.000000e+00
  0.000000e+00   0.000000e+00   0.000000e+00   0.000000e+00   0.000000e+00   0.000000e+00
  0.000000e+00   0.000000e+00   0.000000e+00   0.000000e+00   0.000000e+00   0.000000e+00
  0.000000e+00   0.000000e+00   0.000000e+00   0.000000e+00   0.000000e+00   0.000000e+00
  0.000000e+00   0.000000e+00   0.000000e+00   0.000000e+00   0.000000e+00   0.000000e+00
  0.000000e+00   0.000000e+00   0.000000e+00   0.000000e+00   0.000000e+00   0.000000e+00
  0.000000e+00   0.000000e+00   0.000000e+00   0.000000e+00   0.000000e+00   0.000000e+00
  0.000000e+00   0.000000e+00   0.000000e+00   0.000000e+00   0.000000e+00   0.000000e+00
  0.000000e+00   0.000000e+00   0.000000e+00   0.000000e+00   0.000000e+00   0.000000e+00
  0.000000e+00   0.000000e+00   0.000000e+00   0.000000e+00   0.000000e+00   0.000000e+00
  0.000000e+00   0.000000e+00   0.000000e+00   0.000000e+00   0.000000e+00   0.000000e+00
  0.000000e+00   0.000000e+00   0.000000e+00   0.000000e+00   0.000000e+00   0.000000e+00
  0.000000e+00   0.000000e+00   0.000000e+00   0.000000e+00   0.000000e+00   0.000000e+00
  0.000000e+00   0.000000e+00   0.000000e+00   0.000000e+00   0.000000e+00   0.000000e+00
  0.000000e+00   0.000000e+00   0.000000e+00   0.000000e+00   0.000000e+00   0.000000e+00
  0.000000e+00   0.000000e+00   0.000000e+00   0.000000e+00   0.000000e+00   0.000000e+00
  0.000000e+00   0.000000e+00   0.000000e+00   0.000000e+00   0.000000e+00   0.000000e+00
  0.000000e+00   0.000000e+00   0.000000e+00   0.000000e+00   0.000000e+00   0.000000e+00
  0.000000e+00   0.000000e+00   0.000000e+00   0.000000e+00   0.000000e+00   0.000000e+00
  2.930512e-07   2.930512e-07   2.930512e-07   2.930512e-07   2.930512e-07   2.930512e-07
  2.930512e-07   2.930512e-07   2.930512e-07   2.930512e-07   2.930512e-07   2.930512e-07
  5.115047e-06   5.115047e-06   5.115047e-06   5.115047e-06   5.115047e-06   5.115047e-06
  5.115047e-06   5.115047e-06   5.115047e-06   5.115047e-06   5.115047e-06   5.115047e-06
  1.736431e-05   1.736431e-05   1.736431e-05   1.736431e-05   1.736431e-05   1.736431e-05
  1.736431e-05   1.736431e-05   1.736431e-05   1.736431e-05   1.736431e-05   1.736431e-05
  3.934828e-05   3.934828e-05   3.934828e-05   3.934828e-05   3.934828e-05   3.934828e-05
  3.934828e-05   3.934828e-05   3.934828e-05   3.934828e-05   3.934828e-05   3.934828e-05
  7.074574e-05   7.074574e-05   7.074574e-05   7.074574e-05   7.074574e-05   7.074574e-05
  7.074574e-05   7.074574e-05   7.074574e-05   7.074574e-05   7.074574e-05   7.074574e-05
  1.566911e-04   1.566911e-04   1.566911e-04   1.566911e-04   1.566911e-04   1.566911e-04
  1.566911e-04   1.566911e-04   1.566911e-04   1.566911e-04   1.566911e-04   1.566911e-04
  3.318716e-04   3.318716e-04   3.318716e-04   3.318716e-04   3.318716e-04   3.318716e-04
  3.318716e-04   3.318716e-04   3.318716e-04   3.318716e-04   3.318716e-04   3.318716e-04
  6.152262e-04   6.152262e-04   6.152262e-04   6.152262e-04   6.152262e-04   6.152262e-04
  6.152262e-04   6.152262e-04   6.152262e-04   6.152262e-04   6.152262e-04   6.152262e-04
  4.556917e-02   3.240225e+02   4.240691e+00   3.361535e+00   3.436778e+02   5.446850e-02
  4.556917e-02   3.240225e+02   4.240691e+00   3.361535e+00   3.436778e+02   5.446850e-02
  1.572462e-01   1.057553e+03   1.407155e+01   1.074201e+01   1.124785e+03   1.939567e-01
  1.572462e-01   1.057553e+03   1.407155e+01   1.074201e+01   1.124785e+03   1.939567e-01
  2.954628e-01   1.833799e+03   2.492479e+01   1.811174e+01   1.957340e+03   3.764365e-01
  2.954628e-01   1.833799e+03   2.492479e+01   1.811174e+01   1.957340e+03   3.764365e-01
  4.607212e-01   2.659056e+03   3.687453e+01   2.554412e+01   2.847912e+03   6.023107e-01
  4.607212e-01   2.659056e+03   3.687453e+01   2.554412e+01   2.847912e+03   6.023107e-01
  6.574239e-01   3.528728e+03   4.992495e+01   3.302117e+01   3.792258e+03   8.723600e-01
  6.574239e-01   3.528728e+03   4.992495e+01   3.302117e+01   3.792258e+03   8.723600e-01
  8.800832e-01   4.447040e+03   6.381287e+01   4.124458e+01   4.789827e+03   1.149746e+00
  8.800832e-01   4.447040e+03   6.381287e+01   4.124458e+01   4.789827e+03   1.149746e+00
  1.132122e+00   5.410939e+03   7.851742e+01   5.029173e+01   5.837334e+03   1.430697e+00
  1.132122e+00   5.410939e+03   7.851742e+01   5.029173e+01   5.837334e+03   1.430697e+00
  1.415638e+00   6.424478e+03   9.410781e+01   6.022371e+01   6.939209e+03   1.715842e+00
  1.415638e+00   6.424478e+03   9.410781e+01   6.022371e+01   6.939209e+03   1.715842e+00
  1.733614e+00   7.488733e+03   1.106190e+02   7.111236e+01   8.096679e+03   2.003963e+00
  1.733614e+00   7.488733e+03   1.106190e+02   7.111236e+01   8.096679e+03   2.003963e+00
  2.089563e+00   8.603422e+03   1.280712e+02   8.303747e+01   9.309514e+03   2.292925e+00
  2.089563e+00   8.603422e+03   1.280712e+02   8.303747e+01   9.309514e+03   2.292925e+00
  2.485893e+00   9.774248e+03   1.465582e+02   9.607251e+01   1.058394e+04   2.583922e+00
  2.485893e+00   9.774248e+03   1.465582e+02   9.607251e+01   1.058394e+04   2.583922e+00
  2.921149e+00   1.099727e+04   1.661176e+02   1.104372e+02   1.191549e+04   2.883995e+00
  2.921149e+00   1.099727e+04   1.661176e+02   1.104372e+02   1.191549e+04   2.883995e+00
  3.373013e+00   1.228653e+04   1.871625e+02   1.266519e+02   1.331828e+04   3.242018e+00
  3.373013e+00   1.228653e+04   1.871625e+02   1.266519e+02   1.331828e+04   3.242018e+00
  3.832240e+00   1.363893e+04   2.098200e+02   1.451053e+02   1.478841e+04   3.680294e+00
  3.832240e+00   1.363893e+04   2.098200e+02   1.451053e+02   1.478841e+04   3.680294e+00
  4.301642e+00   1.506205e+04   2.342169e+02   1.658996e+02   1.633411e+04   4.200967e+00
  4.301642e+00   1.506205e+04   2.342169e+02   1.658996e+02   1.633411e+04   4.200967e+00
  4.777789e+00   1.655554e+04   2.604637e+02   1.893200e+02   1.795472e+04   4.816643e+00
  4.777789e+00   1.655554e+04   2.604637e+02   1.893200e+02   1.795472e+04   4.816643e+00
  5.259845e+00   1.812270e+04   2.886895e+02   2.155952e+02   1.965364e+04   5.536374e+00
  5.259845e+00   1.812270e+04   2.886895e+02   2.155952e+02   1.965364e+04   5.536374e+00
  5.734521e+00   1.967238e+04   3.177842e+02   2.439581e+02   2.133416e+04   6.352907e+00
  5.734521e+00   1.967238e+04   3.177842e+02   2.439581e+02   2.133416e+04   6.352907e+00
  6.064051e+00   2.013805e+04   3.337541e+02   2.636852e+02   2.186248e+04   7.083094e+00
  6.064051e+00   2.013805e+04   3.337541e+02   2.636852e+02   2.186248e+04   7.083094e+00
  6.470410e+00   2.060444e+04   3.503216e+02   2.855797e+02   2.238426e+04   7.827416e+00
  6.470410e+00   2.060444e+04   3.503216e+02   2.855797e+02   2.238426e+04   7.827416e+00
  7.015379e+00   2.106844e+04   3.673967e+02   3.095724e+02   2.289330e+04   8.554572e+00
  7.015379e+00   2.106844e+04   3.673967e+02   3.095724e+02   2.289330e+04   8.554572e+00
  7.694626e+00   2.152950e+04   3.850582e+02   3.357464e+02   2.338981e+04   9.273058e+00
  7.694626e+00   2.152950e+04   3.850582e+02   3.357464e+02   2.338981e+04   9.273058e+00
  8.549491e+00   2.199172e+04   4.038987e+02   3.632287e+02   2.388409e+04   1.003589e+01
  8.549491e+00   2.199172e+04   4.038987e+02   3.632287e+02   2.388409e+04   1.003589e+01
  9.593776e+00   2.245623e+04   4.242047e+02   3.917391e+02   2.438018e+04   1.086956e+01
  9.593776e+00   2.245623e+04   4.242047e+02   3.917391e+02   2.438018e+04   1.086956e+01
  1.085141e+01   2.292244e+04   4.461058e+02   4.212642e+02   2.487740e+04   1.178031e+01
  1.085141e+01   2.292244e+04   4.461058e+02   4.212642e+02   2.487740e+04   1.178031e+01
  1.232869e+01   2.339002e+04   4.697738e+02   4.517646e+02   2.537588e+04   1.278008e+01
  1.232869e+01   2.339002e+04   4.697738e+02   4.517646e+02   2.537588e+04   1.278008e+01
  1.389483e+01   2.385935e+04   4.954648e+02   4.833164e+02   2.587951e+04   1.390645e+01
  1.389483e+01   2.385935e+04   4.954648e+02   4.833164e+02   2.587951e+04   1.390645e+01
  1.546588e+01   2.433163e+04   5.235542e+02   5.157221e+02   2.639284e+04   1.519932e+01
  1.546588e+01   2.433163e+04   5.235542e+02   5.157221e+02   2.639284e+04   1.519932e+01
  1.705647e+01   2.480506e+04   5.541018e+02   5.491816e+02   2.691356e+04   1.666117e+01
  1.705647e+01   2.480506e+04   5.541018e+02   5.491816e+02   2.691356e+04   1.666117e+01
  1.868501e+01   2.527152e+04   5.869648e+02   5.826482e+02   2.743702e+04   1.823795e+01
  1.868501e+01   2.527152e+04   5.869648e+02   5.826482e+02   2.743702e+04   1.823795e+01
  2.038400e+01   2.572491e+04   6.220068e+02   6.158691e+02   2.795767e+04   1.989458e+01
  2.038400e+01   2.572491e+04   6.220068e+02   6.158691e+02   2.795767e+04   1.989458e+01
  2.215046e+01   2.616216e+04   6.593816e+02   6.484301e+02   2.847451e+04   2.162921e+01
  2.215046e+01   2.616216e+04   6.593816e+02   6.484301e+02   2.847451e+04   2.162921e+01
  2.398747e+01   2.658089e+04   6.991928e+02   6.801924e+02   2.898601e+04   2.344373e+01
  2.398747e+01   2.658089e+04   6.991928e+02   6.801924e+02   2.898601e+04   2.344373e+01
  2.590889e+01   2.698482e+04   7.403230e+02   7.113872e+02   2.948985e+04   2.529444e+01
  2.590889e+01   2.698482e+04   7.403230e+02   7.113872e+02   2.948985e+04   2.529444e+01
  2.791920e+01   2.737584e+04   7.818476e+02   7.418239e+02   2.998425e+04   2.713776e+01
  2.791920e+01   2.737584e+04   7.818476e+02   7.418239e+02   2.998425e+04   2.713776e+01
  3.002882e+01   2.775116e+04   8.239656e+02   7.716320e+02   3.046669e+04   2.898508e+01
  3.002882e+01   2.775116e+04   8.239656e+02   7.716320e+02   3.046669e+04   2.898508e+01
  3.207240e+01   2.811568e+04   8.662598e+02   8.018679e+02   3.094010e+04   3.087523e+01
  3.207240e+01   2.811568e+04   8.662598e+02   8.018679e+02   3.094010e+04   3.087523e+01
  3.395154e+01   2.847020e+04   9.091372e+02   8.340105e+02   3.140433e+04   3.288049e+01
  3.395154e+01   2.847020e+04   9.091372e+02   8.340105e+02   3.140433e+04   3.288049e+01
  3.558321e+01   2.881596e+04   9.521883e+02   8.683050e+02   3.185962e+04   3.500621e+01
  3.558321e+01   2.881596e+04   9.521883e+02   8.683050e+02   3.185962e+04   3.500621e+01
  3.695906e+01   2.915028e+04   9.954597e+02   9.048555e+02   3.230333e+04   3.726066e+01
  3.695906e+01   2.915028e+04   9.954597e+02   9.048555e+02   3.230333e+04   3.726066e+01
  3.813880e+01   2.947560e+04   1.040026e+03   9.438149e+02   3.274188e+04   3.961288e+01
  3.813880e+01   2.947560e+04   1.040026e+03   9.438149e+02   3.274188e+04   3.961288e+01
  3.916717e+01   2.979399e+04   1.086823e+03   9.853547e+02   3.318088e+04   4.203590e+01
  3.916717e+01   2.979399e+04   1.086823e+03   9.853547e+02   3.318088e+04   4.203590e+01
  4.004448e+01   3.010270e+04   1.136011e+03   1.029608e+03   3.361795e+04   4.453407e+01
  4.004448e+01   3.010270e+04   1.136011e+03   1.029608e+03   3.361795e+04   4.453407e+01
  4.090642e+01   3.040263e+04   1.187519e+03   1.076915e+03   3.405026e+04   4.705203e+01
  4.090642e+01   3.040263e+04   1.187519e+03   1.076915e+03   3.405026e+04   4.705203e+01
  4.198917e+01   3.068602e+04   1.241229e+03   1.127419e+03   3.446428e+04   4.955167e+01
  4.198917e+01   3.068602e+04   1.241229e+03   1.127419e+03   3.446428e+04   4.955167e+01
  4.336681e+01   3.095536e+04   1.297140e+03   1.181512e+03   3.486027e+04   5.198413e+01
  4.336681e+01   3.095536e+04   1.297140e+03   1.181512e+03   3.486027e+04   5.198413e+01
  4.503467e+01   3.120579e+04   1.355417e+03   1.239338e+03   3.523374e+04   5.436162e+01
  4.503467e+01   3.120579e+04   1.355417e+03   1.239338e+03   3.523374e+04   5.436162e+01
  4.702077e+01   3.144806e+04   1.415452e+03   1.301363e+03   3.559191e+04   5.671772e+01
  4.702077e+01   3.144806e+04   1.415452e+03   1.301363e+03   3.559191e+04   5.671772e+01
  4.932039e+01   3.169096e+04   1.476638e+03   1.367978e+03   3.594086e+04   5.911664e+01
  4.932039e+01   3.169096e+04   1.476638e+03   1.367978e+03   3.594086e+04   5.911664e+01
  5.195966e+01   3.193502e+04   1.538913e+03   1.439518e+03   3.627975e+04   6.156265e+01
  5.195966e+01   3.193502e+04   1.538913e+03   1.439518e+03   3.627975e+04   6.156265e+01
  5.498386e+01   3.217951e+04   1.603182e+03   1.516120e+03   3.661150e+04   6.409056e+01
  5.498386e+01   3.217951e+04   1.603182e+03   1.516120e+03   3.661150e+04   6.409056e+01
  5.838083e+01   3.240675e+04   1.672011e+03   1.597317e+03   3.693176e+04   6.679652e+01
  5.838083e+01   3.240675e+04   1.672011e+03   1.597317e+03   3.693176e+04   6.679652e+01
  6.222994e+01   3.262199e+04   1.746117e+03   1.683433e+03   3.724795e+04   6.970887e+01
  6.222994e+01   3.262199e+04   1.746117e+03   1.683433e+03   3.724795e+04   6.970887e+01
  6.653140e+01   3.281777e+04   1.825566e+03   1.774754e+03   3.755183e+04   7.282987e+01
  6.653140e+01   3.281777e+04   1.825566e+03   1.774754e+03   3.755183e+04   7.282987e+01
  7.125957e+01   3.300479e+04   1.910645e+03   1.870042e+03   3.785236e+04   7.619888e+01
  7.125957e+01   3.300479e+04   1.910645e+03   1.870042e+03   3.785236e+04   7.619888e+01
  7.628698e+01   3.318878e+04   2.001019e+03   1.967248e+03   3.814982e+04   7.984442e+01
  7.628698e+01   3.318878e+04   2.001019e+03   1.967248e+03   3.814982e+04   7.984442e+01
  8.162103e+01   3.337351e+04   2.097051e+03   2.065918e+03   3.844729e+04   8.379539e+01
  8.162103e+01   3.337351e+04   2.097051e+03   2.065918e+03   3.844729e+04   8.379539e+01
  8.719239e+01   3.355909e+04   2.198152e+03   2.165798e+03   3.874094e+04   8.810995e+01
  8.719239e+01   3.355909e+04   2.198152e+03   2.165798e+03   3.874094e+04   8.810995e+01
  9.279508e+01   3.373613e+04   2.302042e+03   2.267077e+03   3.901174e+04   9.288578e+01
  9.279508e+01   3.373613e+04   2.302042e+03   2.267077e+03   3.901174e+04   9.288578e+01
  9.833138e+01   3.391128e+04   2.407998e+03   2.368939e+03   3.926106e+04   9.820780e+01
  9.833138e+01   3.391128e+04   2.407998e+03   2.368939e+03   3.926106e+04   9.820780e+01
  1.038407e+02   3.407666e+04   2.516463e+03   2.471859e+03   3.948123e+04   1.040845e+02
  1.038407e+02   3.407666e+04   2.516463e+03   2.471859e+03   3.948123e+04   1.040845e+02
  1.092855e+02   3.424354e+04   2.626597e+03   2.574995e+03   3.968443e+04   1.105078e+02
  1.092855e+02   3.424354e+04   2.626597e+03   2.574995e+03   3.968443e+04   1.105078e+02
  1.148611e+02   3.440691e+04   2.738523e+03   2.679426e+03   3.988113e+04   1.172419e+02
  1.148611e+02   3.440691e+04   2.738523e+03   2.679426e+03   3.988113e+04   1.172419e+02
  1.205472e+02   3.457431e+04   2.851621e+03   2.784548e+03   4.007983e+04   1.242796e+02
  1.205472e+02   3.457431e+04   2.851621e+03   2.784548e+03   4.007983e+04   1.242796e+02
  1.263679e+02   3.473766e+04   2.966286e+03   2.890173e+03   4.027338e+04   1.315866e+02
  1.263679e+02   3.473766e+04   2.966286e+03   2.890173e+03   4.027338e+04   1.315866e+02
  1.323942e+02   3.487376e+04   3.083860e+03   2.995819e+03   4.044257e+04   1.390096e+02
  1.323942e+02   3.487376e+04   3.083860e+03   2.995819e+03   4.044257e+04   1.390096e+02
  1.386392e+02   3.497755e+04   3.204489e+03   3.100703e+03   4.058488e+04   1.464665e+02
  1.386392e+02   3.497755e+04   3.204489e+03   3.100703e+03   4.058488e+04   1.464665e+02
  1.451217e+02   3.504246e+04   3.328435e+03   3.205011e+03   4.069279e+04   1.539861e+02
  1.451217e+02   3.504246e+04   3.328435e+03   3.205011e+03   4.069279e+04   1.539861e+02
  1.517577e+02   3.507751e+04   3.454979e+03   3.307619e+03   4.077546e+04   1.614695e+02
  1.517577e+02   3.507751e+04   3.454979e+03   3.307619e+03   4.077546e+04   1.614695e+02
  1.583231e+02   3.509567e+04   3.583468e+03   3.410007e+03   4.083167e+04   1.689916e+02
  1.583231e+02   3.509567e+04   3.583468e+03   3.410007e+03   4.083167e+04   1.689916e+02
  1.646912e+02   3.510878e+04   3.713028e+03   3.511257e+03   4.087103e+04   1.764614e+02
  1.646912e+02   3.510878e+04   3.713028e+03   3.511257e+03   4.087103e+04   1.764614e+02
  1.709293e+02   3.510708e+04   3.844043e+03   3.612308e+03   4.088501e+04   1.838826e+02
  1.709293e+02   3.510708e+04   3.844043e+03   3.612308e+03   4.088501e+04   1.838826e+02
  1.772807e+02   3.507449e+04   3.977322e+03   3.717382e+03   4.086735e+04   1.911649e+02
  1.772807e+02   3.507449e+04   3.977322e+03   3.717382e+03   4.086735e+04   1.911649e+02
  1.838340e+02   3.500370e+04   4.113085e+03   3.828232e+03   4.081458e+04   1.982456e+02
  1.838340e+02   3.500370e+04   4.113085e+03   3.828232e+03   4.081458e+04   1.982456e+02
  1.905975e+02   3.488932e+04   4.251378e+03   3.945076e+03   4.072102e+04   2.051091e+02
  1.905975e+02   3.488932e+04   4.251378e+03   3.945076e+03   4.072102e+04   2.051091e+02
  1.975521e+02   3.473842e+04   4.391203e+03   4.067875e+03   4.059917e+04   2.116466e+02
  1.975521e+02   3.473842e+04   4.391203e+03   4.067875e+03   4.059917e+04   2.116466e+02
  2.046521e+02   3.455633e+04   4.530762e+03   4.193099e+03   4.046292e+04   2.179486e+02
  2.046521e+02   3.455633e+04   4.530762e+03   4.193099e+03   4.046292e+04   2.179486e+02
  2.118474e+02   3.435975e+04   4.667926e+03   4.319466e+03   4.034018e+04   2.238846e+02
  2.118474e+02   3.435975e+04   4.667926e+03   4.319466e+03   4.034018e+04   2.238846e+02
  2.191292e+02   3.413689e+04   4.803056e+03   4.447018e+03   4.021460e+04   2.295130e+02
  2.191292e+02   3.413689e+04   4.803056e+03   4.447018e+03   4.021460e+04   2.295130e+02
  2.261499e+02   3.389187e+04   4.935257e+03   4.573943e+03   4.006708e+04   2.352050e+02
  2.261499e+02   3.389187e+04   4.935257e+03   4.573943e+03   4.006708e+04   2.352050e+02
  2.327727e+02   3.361991e+04   5.064234e+03   4.699532e+03   3.988241e+04   2.411173e+02
  2.327727e+02   3.361991e+04   5.064234e+03   4.699532e+03   3.988241e+04   2.411173e+02
  2.389266e+02   3.332072e+04   5.189227e+03   4.823266e+03   3.965893e+04   2.472632e+02
  2.389266e+02   3.332072e+04   5.189227e+03   4.823266e+03   3.965893e+04   2.472632e+02
  2.444936e+02   3.300376e+04   5.309028e+03   4.944442e+03   3.940335e+04   2.536262e+02
  2.444936e+02   3.300376e+04   5.309028e+03   4.944442e+03   3.940335e+04   2.536262e+02
  2.495053e+02   3.267794e+04   5.423883e+03   5.063903e+03   3.912067e+04   2.599994e+02
  2.495053e+02   3.267794e+04   5.423883e+03   5.063903e+03   3.912067e+04   2.599994e+02
  2.537719e+02   3.237485e+04   5.531917e+03   5.180893e+03   3.883653e+04   2.662541e+02
  2.537719e+02   3.237485e+04   5.531917e+03   5.180893e+03   3.883653e+04   2.662541e+02
  2.573162e+02   3.207788e+04   5.633208e+03   5.295440e+03   3.853403e+04   2.723945e+02
  2.573162e+02   3.207788e+04   5.633208e+03   5.295440e+03   3.853403e+04   2.723945e+02
  2.604005e+02   3.177027e+04   5.727605e+03   5.404424e+03   3.821470e+04   2.783173e+02
  2.604005e+02   3.177027e+04   5.727605e+03   5.404424e+03   3.821470e+04   2.783173e+02
  2.631679e+02   3.142885e+04   5.815321e+03   5.506763e+03   3.786278e+04   2.839913e+02
  2.631679e+02   3.142885e+04   5.815321e+03   5.506763e+03   3.786278e+04   2.839913e+02
  2.655767e+02   3.105711e+04   5.895143e+03   5.600983e+03   3.748362e+04   2.893557e+02
  2.655767e+02   3.105711e+04   5.895143e+03   5.600983e+03   3.748362e+04   2.893557e+02
  2.676068e+02   3.065741e+04   5.966182e+03   5.685992e+03   3.708117e+04   2.943667e+02
  2.676068e+02   3.065741e+04   5.966182e+03   5.685992e+03   3.708117e+04   2.943667e+02
  2.694168e+02   3.024230e+04   6.029511e+03   5.762296e+03   3.667306e+04   2.990599e+02
  2.694168e+02   3.024230e+04   6.029511e+03   5.762296e+03   3.667306e+04   2.990599e+02
  2.711230e+02   2.983627e+04   6.085059e+03   5.828862e+03   3.629178e+04   3.034061e+02
  2.711230e+02   2.983627e+04   6.085059e+03   5.828862e+03   3.629178e+04   3.034061e+02
  2.726723e+02   2.942608e+04   6.132036e+03   5.885171e+03   3.592186e+04   3.073817e+02
  2.726723e+02   2.942608e+04   6.132036e+03   5.885171e+03   3.592186e+04   3.073817e+02
  2.742250e+02   2.901001e+04   6.173068e+03   5.935447e+03   3.555104e+04   3.107867e+02
  2.742250e+02   2.901001e+04   6.173068e+03   5.935447e+03   3.555104e+04   3.107867e+02
  2.757794e+02   2.855847e+04   6.209226e+03   5.982443e+03   3.513741e+04   3.135315e+02
  2.757794e+02   2.855847e+04   6.209226e+03   5.982443e+03   3.513741e+04   3.135315e+02
  2.774090e+02   2.808060e+04   6.240731e+03   6.026564e+03   3.468949e+04   3.154870e+02
  2.774090e+02   2.808060e+04   6.240731e+03   6.026564e+03   3.468949e+04   3.154870e+02
  2.791029e+02   2.757246e+04   6.266894e+03   6.067265e+03   3.420241e+04   3.165794e+02
  2.791029e+02   2.757246e+04   6.266894e+03   6.067265e+03   3.420241e+04   3.165794e+02
  2.806417e+02   2.705882e+04   6.289043e+03   6.104545e+03   3.370202e+04   3.169223e+02
  2.806417e+02   2.705882e+04   6.289043e+03   6.104545e+03   3.370202e+04   3.169223e+02
  2.818890e+02   2.656466e+04   6.308444e+03   6.138665e+03   3.321411e+04   3.165535e+02
  2.818890e+02   2.656466e+04   6.308444e+03   6.138665e+03   3.321411e+04   3.165535e+02
  2.827973e+02   2.608166e+04   6.324024e+03   6.168665e+03   3.272915e+04   3.154098e+02
  2.827973e+02   2.608166e+04   6.324024e+03   6.168665e+03   3.272915e+04   3.154098e+02
  2.833018e+02   2.561147e+04   6.336534e+03   6.193924e+03   3.225418e+04   3.137248e+02
  2.833018e+02   2.561147e+04   6.336534e+03   6.193924e+03   3.225418e+04   3.137248e+02
  2.832839e+02   2.511302e+04   6.343624e+03   6.211682e+03   3.175042e+04   3.116946e+02
  2.832839e+02   2.511302e+04   6.343624e+03   6.211682e+03   3.175042e+04   3.116946e+02
  2.827014e+02   2.460163e+04   6.346356e+03   6.221936e+03   3.123648e+04   3.094052e+02
  2.827014e+02   2.460163e+04   6.346356e+03   6.221936e+03   3.123648e+04   3.094052e+02
  2.814928e+02   2.406893e+04   6.343499e+03   6.223516e+03   3.070266e+04   3.067793e+02
  2.814928e+02   2.406893e+04   6.343499e+03   6.223516e+03   3.070266e+04   3.067793e+02
  2.800162e+02   2.353774e+04   6.336369e+03   6.219203e+03   3.017195e+04   3.039579e+02
  2.800162e+02   2.353774e+04   6.336369e+03   6.219203e+03   3.017195e+04   3.039579e+02
  2.785846e+02   2.302402e+04   6.325620e+03   6.211161e+03   2.965959e+04   3.010325e+02
  2.785846e+02   2.302402e+04   6.325620e+03   6.211161e+03   2.965959e+04   3.010325e+02
  2.771992e+02   2.252806e+04   6.310644e+03   6.198893e+03   2.916538e+04   2.979827e+02
  2.771992e+02   2.252806e+04   6.310644e+03   6.198893e+03   2.916538e+04   2.979827e+02
  2.757605e+02   2.205194e+04   6.290397e+03   6.181928e+03   2.868769e+04   2.948456e+02
  2.757605e+02   2.205194e+04   6.290397e+03   6.181928e+03   2.868769e+04   2.948456e+02
  2.738384e+02   2.155504e+04   6.259721e+03   6.156121e+03   2.817536e+04   2.913829e+02
  2.738384e+02   2.155504e+04   6.259721e+03   6.156121e+03   2.817536e+04   2.913829e+02
  2.714585e+02   2.105629e+04   6.219050e+03   6.122322e+03   2.764615e+04   2.877372e+02
  2.714585e+02   2.105629e+04   6.219050e+03   6.122322e+03   2.764615e+04   2.877372e+02
  2.685300e+02   2.054268e+04   6.166457e+03   6.078607e+03   2.708544e+04   2.837804e+02
  2.685300e+02   2.054268e+04   6.166457e+03   6.078607e+03   2.708544e+04   2.837804e+02
  2.651237e+02   2.003968e+04   6.106010e+03   6.028157e+03   2.652334e+04   2.797893e+02
  2.651237e+02   2.003968e+04   6.106010e+03   6.028157e+03   2.652334e+04   2.797893e+02
  2.612574e+02   1.955760e+04   6.041123e+03   5.973086e+03   2.597547e+04   2.759240e+02
  2.612574e+02   1.955760e+04   6.041123e+03   5.973086e+03   2.597547e+04   2.759240e+02
  2.569187e+02   1.910559e+04   5.972461e+03   5.913864e+03   2.545147e+04   2.722694e+02
  2.569187e+02   1.910559e+04   5.972461e+03   5.913864e+03   2.545147e+04   2.722694e+02
  2.523020e+02   1.867897e+04   5.899758e+03   5.851235e+03   2.494589e+04   2.687846e+02
  2.523020e+02   1.867897e+04   5.899758e+03   5.851235e+03   2.494589e+04   2.687846e+02
  2.477855e+02   1.822759e+04   5.818240e+03   5.783333e+03   2.440326e+04   2.649996e+02
  2.477855e+02   1.822759e+04   5.818240e+03   5.783333e+03   2.440326e+04   2.649996e+02
  2.436383e+02   1.776315e+04   5.729743e+03   5.712858e+03   2.383634e+04   2.610348e+02
  2.436383e+02   1.776315e+04   5.729743e+03   5.712858e+03   2.383634e+04   2.610348e+02
  2.397057e+02   1.727463e+04   5.631680e+03   5.637203e+03   2.323148e+04   2.567651e+02
  2.397057e+02   1.727463e+04   5.631680e+03   5.637203e+03   2.323148e+04   2.567651e+02
  2.363610e+02   1.678480e+04   5.528683e+03   5.561086e+03   2.261329e+04   2.524189e+02
  2.363610e+02   1.678480e+04   5.528683e+03   5.561086e+03   2.261329e+04   2.524189e+02
  2.336455e+02   1.630233e+04   5.423084e+03   5.485572e+03   2.198944e+04   2.480653e+02
  2.336455e+02   1.630233e+04   5.423084e+03   5.485572e+03   2.198944e+04   2.480653e+02
  2.318060e+02   1.584066e+04   5.317369e+03   5.413393e+03   2.137390e+04   2.438347e+02
  2.318060e+02   1.584066e+04   5.317369e+03   5.413393e+03   2.137390e+04   2.438347e+02
  2.306496e+02   1.539342e+04   5.211376e+03   5.342975e+03   2.076089e+04   2.396856e+02
  2.306496e+02   1.539342e+04   5.211376e+03   5.342975e+03   2.076089e+04   2.396856e+02
  2.293903e+02   1.493142e+04   5.102920e+03   5.267766e+03   2.012363e+04   2.354003e+02
  2.293903e+02   1.493142e+04   5.102920e+03   5.267766e+03   2.012363e+04   2.354003e+02
  2.279669e+02   1.445893e+04   4.994552e+03   5.188482e+03   1.946911e+04   2.310589e+02
  2.279669e+02   1.445893e+04   4.994552e+03   5.188482e+03   1.946911e+04   2.310589e+02
  2.263092e+02   1.396755e+04   4.883825e+03   5.103054e+03   1.878595e+04   2.265569e+02
  2.263092e+02   1.396755e+04   4.883825e+03   5.103054e+03   1.878595e+04   2.265569e+02
  2.245413e+02   1.347808e+04   4.776896e+03   5.015939e+03   1.810474e+04   2.221607e+02
  2.245413e+02   1.347808e+04   4.776896e+03   5.015939e+03   1.810474e+04   2.221607e+02
  2.226669e+02   1.299425e+04   4.673011e+03   4.928122e+03   1.743932e+04   2.179031e+02
  2.226669e+02   1.299425e+04   4.673011e+03   4.928122e+03   1.743932e+04   2.179031e+02
  2.207885e+02   1.253408e+04   4.577390e+03   4.843422e+03   1.681685e+04   2.140143e+02
  2.207885e+02   1.253408e+04   4.577390e+03   4.843422e+03   1.681685e+04   2.140143e+02
  2.188323e+02   1.208875e+04   4.486924e+03   4.759343e+03   1.622450e+04   2.103613e+02
  2.188323e+02   1.208875e+04   4.486924e+03   4.759343e+03   1.622450e+04   2.103613e+02
  2.166625e+02   1.163880e+04   4.393740e+03   4.670341e+03   1.563215e+04   2.066121e+02
  2.166625e+02   1.163880e+04   4.393740e+03   4.670341e+03   1.563215e+04   2.066121e+02
  2.142541e+02   1.118275e+04   4.296377e+03   4.575363e+03   1.503743e+04   2.027090e+02
  2.142541e+02   1.118275e+04   4.296377e+03   4.575363e+03   1.503743e+04   2.027090e+02
  2.115570e+02   1.071657e+04   4.193611e+03   4.473106e+03   1.443516e+04   1.985988e+02
  2.115570e+02   1.071657e+04   4.193611e+03   4.473106e+03   1.443516e+04   1.985988e+02
  2.086883e+02   1.025692e+04   4.089056e+03   4.366874e+03   1.384631e+04   1.944334e+02
  2.086883e+02   1.025692e+04   4.089056e+03   4.366874e+03   1.384631e+04   1.944334e+02
  2.057317e+02   9.807692e+03   3.983672e+03   4.258341e+03   1.326636e+04   1.902060e+02
  2.057317e+02   9.807692e+03   3.983672e+03   4.258341e+03   1.326636e+04   1.902060e+02
  2.028634e+02   9.391450e+03   3.882485e+03   4.152317e+03   1.272189e+04   1.861187e+02
  2.028634e+02   9.391450e+03   3.882485e+03   4.152317e+03   1.272189e+04   1.861187e+02
  1.999712e+02   8.996653e+03   3.782241e+03   4.045956e+03   1.219907e+04   1.820398e+02
  1.999712e+02   8.996653e+03   3.782241e+03   4.045956e+03   1.219907e+04   1.820398e+02
  1.969102e+02   8.604866e+03   3.677174e+03   3.936255e+03   1.167999e+04   1.777716e+02
  1.969102e+02   8.604866e+03   3.677174e+03   3.936255e+03   1.167999e+04   1.777716e+02
  1.935997e+02   8.207712e+03   3.564444e+03   3.821478e+03   1.115609e+04   1.732117e+02
  1.935997e+02   8.207712e+03   3.564444e+03   3.821478e+03   1.115609e+04   1.732117e+02
  1.900194e+02   7.805268e+03   3.443466e+03   3.701293e+03   1.062769e+04   1.683377e+02
  1.900194e+02   7.805268e+03   3.443466e+03   3.701293e+03   1.062769e+04   1.683377e+02
  1.862354e+02   7.407489e+03   3.316473e+03   3.578386e+03   1.010998e+04   1.632604e+02
  1.862354e+02   7.407489e+03   3.316473e+03   3.578386e+03   1.010998e+04   1.632604e+02
  1.822389e+02   7.017342e+03   3.186429e+03   3.454371e+03   9.612029e+03   1.581182e+02
  1.822389e+02   7.017342e+03   3.186429e+03   3.454371e+03   9.612029e+03   1.581182e+02
  1.781998e+02   6.657077e+03   3.059687e+03   3.335926e+03   9.168598e+03   1.532148e+02
  1.781998e+02   6.657077e+03   3.059687e+03   3.335926e+03   9.168598e+03   1.532148e+02
  1.739932e+02   6.315778e+03   2.932903e+03   3.219470e+03   8.763753e+03   1.483943e+02
  1.739932e+02   6.315778e+03   2.932903e+03   3.219470e+03   8.763753e+03   1.483943e+02
  1.695564e+02   5.981667e+03   2.805440e+03   3.102646e+03   8.367492e+03   1.435295e+02
  1.695564e+02   5.981667e+03   2.805440e+03   3.102646e+03   8.367492e+03   1.435295e+02
  1.647876e+02   5.644223e+03   2.674989e+03   2.982444e+03   7.960306e+03   1.384811e+02
  1.647876e+02   5.644223e+03   2.674989e+03   2.982444e+03   7.960306e+03   1.384811e+02
  1.596942e+02   5.306594e+03   2.542543e+03   2.859743e+03   7.544971e+03   1.332807e+02
  1.596942e+02   5.306594e+03   2.542543e+03   2.859743e+03   7.544971e+03   1.332807e+02
  1.543271e+02   4.974139e+03   2.409809e+03   2.736132e+03   7.126390e+03   1.279832e+02
  1.543271e+02   4.974139e+03   2.409809e+03   2.736132e+03   7.126390e+03   1.279832e+02
  1.488367e+02   4.653257e+03   2.278464e+03   2.613318e+03   6.709511e+03   1.226252e+02
  1.488367e+02   4.653257e+03   2.278464e+03   2.613318e+03   6.709511e+03   1.226252e+02
  1.434758e+02   4.361191e+03   2.154248e+03   2.496831e+03   6.311253e+03   1.174035e+02
  1.434758e+02   4.361191e+03   2.154248e+03   2.496831e+03   6.311253e+03   1.174035e+02
  1.381274e+02   4.091503e+03   2.034594e+03   2.384138e+03   5.923798e+03   1.122104e+02
  1.381274e+02   4.091503e+03   2.034594e+03   2.384138e+03   5.923798e+03   1.122104e+02
  1.326765e+02   3.836302e+03   1.918835e+03   2.272941e+03   5.549344e+03   1.070571e+02
  1.326765e+02   3.836302e+03   1.918835e+03   2.272941e+03   5.549344e+03   1.070571e+02
  1.269041e+02   3.581530e+03   1.802614e+03   2.158343e+03   5.176462e+03   1.017867e+02
  1.269041e+02   3.581530e+03   1.802614e+03   2.158343e+03   5.176462e+03   1.017867e+02
  1.208581e+02   3.332298e+03   1.688184e+03   2.041933e+03   4.813006e+03   9.648381e+01
  1.208581e+02   3.332298e+03   1.688184e+03   2.041933e+03   4.813006e+03   9.648381e+01
  1.145392e+02   3.090033e+03   1.576196e+03   1.924080e+03   4.461392e+03   9.117095e+01
  1.145392e+02   3.090033e+03   1.576196e+03   1.924080e+03   4.461392e+03   9.117095e+01
  1.081161e+02   2.859690e+03   1.469714e+03   1.808515e+03   4.131378e+03   8.602846e+01
  1.081161e+02   2.859690e+03   1.469714e+03   1.808515e+03   4.131378e+03   8.602846e+01
  1.017946e+02   2.650487e+03   1.373524e+03   1.700084e+03   3.838664e+03   8.129478e+01
  1.017946e+02   2.650487e+03   1.373524e+03   1.700084e+03   3.838664e+03   8.129478e+01
  9.548831e+01   2.459352e+03   1.286162e+03   1.597196e+03   3.578743e+03   7.689653e+01
  9.548831e+01   2.459352e+03   1.286162e+03   1.597196e+03   3.578743e+03   7.689653e+01
  8.931912e+01   2.284252e+03   1.205507e+03   1.499338e+03   3.343260e+03   7.273132e+01
  8.931912e+01   2.284252e+03   1.205507e+03   1.499338e+03   3.343260e+03   7.273132e+01
  8.307262e+01   2.110248e+03   1.123757e+03   1.399909e+03   3.105975e+03   6.843404e+01
  8.307262e+01   2.110248e+03   1.123757e+03   1.399909e+03   3.105975e+03   6.843404e+01
  7.691079e+01   1.942836e+03   1.043021e+03   1.301407e+03   2.873395e+03   6.409509e+01
  7.691079e+01   1.942836e+03   1.043021e+03   1.301407e+03   2.873395e+03   6.409509e+01
  7.080073e+01   1.781292e+03   9.628600e+02   1.203283e+03   2.644336e+03   5.968645e+01
  7.080073e+01   1.781292e+03   9.628600e+02   1.203283e+03   2.644336e+03   5.968645e+01
  6.495528e+01   1.631570e+03   8.859432e+02   1.108551e+03   2.426671e+03   5.533872e+01
  6.495528e+01   1.631570e+03   8.859432e+02   1.108551e+03   2.426671e+03   5.533872e+01
  5.955636e+01   1.498931e+03   8.145585e+02   1.019801e+03   2.227208e+03   5.116078e+01
  5.955636e+01   1.498931e+03   8.145585e+02   1.019801e+03   2.227208e+03   5.116078e+01
  5.459531e+01   1.383316e+03   7.485748e+02   9.368463e+02   2.045692e+03   4.714005e+01
  5.459531e+01   1.383316e+03   7.485748e+02   9.368463e+02   2.045692e+03   4.714005e+01
  5.005317e+01   1.281508e+03   6.878348e+02   8.600173e+02   1.881653e+03   4.332266e+01
  5.005317e+01   1.281508e+03   6.878348e+02   8.600173e+02   1.881653e+03   4.332266e+01
  4.553896e+01   1.179027e+03   6.273720e+02   7.839708e+02   1.720284e+03   3.952373e+01
  4.553896e+01   1.179027e+03   6.273720e+02   7.839708e+02   1.720284e+03   3.952373e+01
  4.121266e+01   1.079096e+03   5.693025e+02   7.115272e+02   1.567972e+03   3.587667e+01
  4.121266e+01   1.079096e+03   5.693025e+02   7.115272e+02   1.567972e+03   3.587667e+01
  3.701387e+01   9.803384e+02   5.128152e+02   6.416560e+02   1.422490e+03   3.233047e+01
  3.701387e+01   9.803384e+02   5.128152e+02   6.416560e+02   1.422490e+03   3.233047e+01
  3.311595e+01   8.868635e+02   4.603321e+02   5.774348e+02   1.289616e+03   2.904135e+01
  3.311595e+01   8.868635e+02   4.603321e+02   5.774348e+02   1.289616e+03   2.904135e+01
  2.959842e+01   8.007684e+02   4.130189e+02   5.203010e+02   1.171552e+03   2.608613e+01
  2.959842e+01   8.007684e+02   4.130189e+02   5.203010e+02   1.171552e+03   2.608613e+01
  2.651672e+01   7.232338e+02   3.716325e+02   4.712494e+02   1.070316e+03   2.351327e+01
  2.651672e+01   7.232338e+02   3.716325e+02   4.712494e+02   1.070316e+03   2.351327e+01
  2.383744e+01   6.538945e+02   3.356681e+02   4.293194e+02   9.837877e+02   2.128295e+01
  2.383744e+01   6.538945e+02   3.356681e+02   4.293194e+02   9.837877e+02   2.128295e+01
  2.121614e+01   5.857889e+02   3.003676e+02   3.878276e+02   8.978207e+02   1.907944e+01
  2.121614e+01   5.857889e+02   3.003676e+02   3.878276e+02   8.978207e+02   1.907944e+01
  1.876314e+01   5.216980e+02   2.671800e+02   3.483653e+02   8.156308e+02   1.698775e+01
  1.876314e+01   5.216980e+02   2.671800e+02   3.483653e+02   8.156308e+02   1.698775e+01
  1.642486e+01   4.602379e+02   2.353873e+02   3.101028e+02   7.354914e+02   1.496409e+01
  1.642486e+01   4.602379e+02   2.353873e+02   3.101028e+02   7.354914e+02   1.496409e+01
  1.432422e+01   4.044185e+02   2.065808e+02   2.749262e+02   6.619019e+02   1.310668e+01
  1.432422e+01   4.044185e+02   2.065808e+02   2.749262e+02   6.619019e+02   1.310668e+01
  1.247791e+01   3.545301e+02   1.809422e+02   2.431780e+02   5.963643e+02   1.143101e+01
  1.247791e+01   3.545301e+02   1.809422e+02   2.431780e+02   5.963643e+02   1.143101e+01
  1.095809e+01   3.123360e+02   1.594023e+02   2.159272e+02   5.413384e+02   9.993254e+00
  1.095809e+01   3.123360e+02   1.594023e+02   2.159272e+02   5.413384e+02   9.993254e+00
  9.722682e+00   2.769696e+02   1.414798e+02   1.926689e+02   4.952862e+02   8.769989e+00
  9.722682e+00   2.769696e+02   1.414798e+02   1.926689e+02   4.952862e+02   8.769989e+00
  8.535104e+00   2.430172e+02   1.242632e+02   1.701804e+02   4.499623e+02   7.599344e+00
  8.535104e+00   2.430172e+02   1.242632e+02   1.701804e+02   4.499623e+02   7.599344e+00
  7.424813e+00   2.114097e+02   1.082125e+02   1.490526e+02   4.062578e+02   6.515622e+00
  7.424813e+00   2.114097e+02   1.082125e+02   1.490526e+02   4.062578e+02   6.515622e+00
  6.373326e+00   1.816145e+02   9.305796e+01   1.289363e+02   3.634749e+02   5.500489e+00
  6.373326e+00   1.816145e+02   9.305796e+01   1.289363e+02   3.634749e+02   5.500489e+00
  5.441961e+00   1.554628e+02   7.971411e+01   1.109692e+02   3.234801e+02   4.615449e+00
  5.441961e+00   1.554628e+02   7.971411e+01   1.109692e+02   3.234801e+02   4.615449e+00
  4.625583e+00   1.328732e+02   6.812597e+01   9.506097e+01   2.858479e+02   3.852002e+00
  4.625583e+00   1.328732e+02   6.812597e+01   9.506097e+01   2.858479e+02   3.852002e+00
  3.972408e+00   1.152875e+02   5.901321e+01   8.210356e+01   2.520155e+02   3.258816e+00
  3.972408e+00   1.152875e+02   5.901321e+01   8.210356e+01   2.520155e+02   3.258816e+00
  3.454689e+00   1.017988e+02   5.193641e+01   7.160560e+01   2.215407e+02   2.806791e+00
  3.454689e+00   1.017988e+02   5.193641e+01   7.160560e+01   2.215407e+02   2.806791e+00
  2.975720e+00   8.926883e+01   4.537203e+01   6.185373e+01   1.928463e+02   2.394193e+00
  2.975720e+00   8.926883e+01   4.537203e+01   6.185373e+01   1.928463e+02   2.394193e+00
  2.528970e+00   7.738832e+01   3.918545e+01   5.276179e+01   1.663440e+02   2.012583e+00
  2.528970e+00   7.738832e+01   3.918545e+01   5.276179e+01   1.663440e+02   2.012583e+00
  2.110368e+00   6.604739e+01   3.331960e+01   4.424661e+01   1.417878e+02   1.658504e+00
  2.110368e+00   6.604739e+01   3.331960e+01   4.424661e+01   1.417878e+02   1.658504e+00
  1.744314e+00   5.583458e+01   2.809269e+01   3.680675e+01   1.207712e+02   1.353933e+00
  1.744314e+00   5.583458e+01   2.809269e+01   3.680675e+01   1.207712e+02   1.353933e+00
  1.425177e+00   4.663043e+01   2.343577e+01   3.032647e+01   1.030751e+02   1.093931e+00
  1.425177e+00   4.663043e+01   2.343577e+01   3.032647e+01   1.030751e+02   1.093931e+00
  1.177680e+00   3.903263e+01   1.967160e+01   2.531084e+01   9.032833e+01   9.007812e-01
  1.177680e+00   3.903263e+01   1.967160e+01   2.531084e+01   9.032833e+01   9.007812e-01
  9.886849e-01   3.275244e+01   1.663705e+01   2.148829e+01   8.153805e+01   7.620310e-01
  9.886849e-01   3.275244e+01   1.663705e+01   2.148829e+01   8.153805e+01   7.620310e-01
  8.222291e-01   2.708925e+01   1.391406e+01   1.811093e+01   7.372628e+01   6.418558e-01
  8.222291e-01   2.708925e+01   1.391406e+01   1.811093e+01   7.372628e+01   6.418558e-01
  6.688056e-01   2.188073e+01   1.139889e+01   1.497882e+01   6.601164e+01   5.303088e-01
  6.688056e-01   2.188073e+01   1.139889e+01   1.497882e+01   6.601164e+01   5.303088e-01
  5.289953e-01   1.714744e+01   9.100640e+00   1.210237e+01   5.838499e+01   4.277546e-01
  5.289953e-01   1.714744e+01   9.100640e+00   1.210237e+01   5.838499e+01   4.277546e-01
  4.097974e-01   1.312974e+01   7.133622e+00   9.621393e+00   5.108518e+01   3.390736e-01
  4.097974e-01   1.312974e+01   7.133622e+00   9.621393e+00   5.108518e+01   3.390736e-01
  3.092304e-01   9.758634e+00   5.469028e+00   7.503889e+00   4.413914e+01   2.629008e-01
  3.092304e-01   9.758634e+00   5.469028e+00   7.503889e+00   4.413914e+01   2.629008e-01
  2.375452e-01   7.385550e+00   4.275169e+00   5.956843e+00   3.793377e+01   2.064140e-01
  2.375452e-01   7.385550e+00   4.275169e+00   5.956843e+00   3.793377e+01   2.064140e-01
  1.896944e-01   5.837121e+00   3.469214e+00   4.878839e+00   3.229816e+01   1.661173e-01
  1.896944e-01   5.837121e+00   3.469214e+00   4.878839e+00   3.229816e+01   1.661173e-01
  1.512946e-01   4.610959e+00   2.816018e+00   3.989784e+00   2.709950e+01   1.327254e-01
  1.512946e-01   4.610959e+00   2.816018e+00   3.989784e+00   2.709950e+01   1.327254e-01
  1.162415e-01   3.494855e+00   2.215604e+00   3.169642e+00   2.223969e+01   1.022220e-01
  1.162415e-01   3.494855e+00   2.215604e+00   3.169642e+00   2.223969e+01   1.022220e-01
  8.518948e-02   2.510104e+00   1.678574e+00   2.432472e+00   1.779283e+01   7.517327e-02
  8.518948e-02   2.510104e+00   1.678574e+00   2.432472e+00   1.779283e+01   7.517327e-02
  5.939033e-02   1.697112e+00   1.225358e+00   1.805430e+00   1.390466e+01   5.266285e-02
  5.939033e-02   1.697112e+00   1.225358e+00   1.805430e+00   1.390466e+01   5.266285e-02
  3.872463e-02   1.051429e+00   8.535754e-01   1.284891e+00   1.054986e+01   3.458353e-02
  3.872463e-02   1.051429e+00   8.535754e-01   1.284891e+00   1.054986e+01   3.458353e-02
  2.563774e-02   6.515867e-01   6.032678e-01   9.241317e-01   8.016982e+00   2.305229e-02
  2.563774e-02   6.515867e-01   6.032678e-01   9.241317e-01   8.016982e+00   2.305229e-02
  1.944473e-02   4.757608e-01   4.628463e-01   7.074413e-01   6.214985e+00   1.747401e-02
  1.944473e-02   4.757608e-01   4.628463e-01   7.074413e-01   6.214985e+00   1.747401e-02
  1.561672e-02   3.755683e-01   3.634091e-01   5.471997e-01   4.753813e+00   1.395759e-02
  1.561672e-02   3.755683e-01   3.634091e-01   5.471997e-01   4.753813e+00   1.395759e-02
  1.208460e-02   2.838055e-01   2.723513e-01   4.010044e-01   3.424384e+00   1.071891e-02
  1.208460e-02   2.838055e-01   2.723513e-01   4.010044e-01   3.424384e+00   1.071891e-02
  8.958939e-03   2.034960e-01   1.926743e-01   2.737924e-01   2.272398e+00   7.860621e-03
  8.958939e-03   2.034960e-01   1.926743e-01   2.737924e-01   2.272398e+00   7.860621e-03
  6.672334e-03   1.477251e-01   1.373035e-01   1.876566e-01   1.508087e+00   5.794269e-03
  6.672334e-03   1.477251e-01   1.373035e-01   1.876566e-01   1.508087e+00   5.794269e-03
  4.937025e-03   1.090409e-01   9.882440e-02   1.306834e-01   1.023104e+00   4.255965e-03
  4.937025e-03   1.090409e-01   9.882440e-02   1.306834e-01   1.023104e+00   4.255965e-03
  3.085023e-03   6.775626e-02   5.776838e-02   6.991036e-02   5.058657e-01   2.614336e-03
  3.085023e-03   6.775626e-02   5.776838e-02   6.991036e-02   5.058657e-01   2.614336e-03
  1.099573e-03   2.349804e-02   1.376661e-02   4.795393e-03   0.000000e+00   8.545614e-04
  1.099573e-03   2.349804e-02   1.376661e-02   4.795393e-03   0.000000e+00   8.545614e-04
  0.000000e+00   0.000000e+00   0.000000e+00   0.000000e+00   0.000000e+00   0.000000e+00
  0.000000e+00   0.000000e+00   0.000000e+00   0.000000e+00   0.000000e+00   0.000000e+00
  0.000000e+00   0.000000e+00   0.000000e+00   0.000000e+00   0.000000e+00   0.000000e+00
  0.000000e+00   0.000000e+00   0.000000e+00   0.000000e+00   0.000000e+00   0.000000e+00
  0.000000e+00   0.000000e+00   0.000000e+00   0.000000e+00   0.000000e+00   0.000000e+00
  0.000000e+00   0.000000e+00   0.000000e+00   0.000000e+00   0.000000e+00   0.000000e+00
  0.000000e+00   0.000000e+00   0.000000e+00   0.000000e+00   0.000000e+00   0.000000e+00
  0.000000e+00   0.000000e+00   0.000000e+00   0.000000e+00   0.000000e+00   0.000000e+00
  0.000000e+00   0.000000e+00   0.000000e+00   0.000000e+00   0.000000e+00   0.000000e+00
  0.000000e+00   0.000000e+00   0.000000e+00   0.000000e+00   0.000000e+00   0.000000e+00
  0.000000e+00   0.000000e+00   0.000000e+00   0.000000e+00   0.000000e+00   0.000000e+00
  0.000000e+00   0.000000e+00   0.000000e+00   0.000000e+00   0.000000e+00   0.000000e+00
  0.000000e+00   0.000000e+00   0.000000e+00   0.000000e+00   0.000000e+00   0.000000e+00
  0.000000e+00   0.000000e+00   0.000000e+00   0.000000e+00   0.000000e+00   0.000000e+00
  0.000000e+00   0.000000e+00   0.000000e+00   0.000000e+00   0.000000e+00   0.000000e+00
  0.000000e+00   0.000000e+00   0.000000e+00   0.000000e+00   0.000000e+00   0.000000e+00
  0.000000e+00   0.000000e+00   0.000000e+00   0.000000e+00   0.000000e+00   0.000000e+00
  0.000000e+00   0.000000e+00   0.000000e+00   0.000000e+00   0.000000e+00   0.000000e+00
  0.000000e+00   0.000000e+00   0.000000e+00   0.000000e+00   0.000000e+00   0.000000e+00
  0.000000e+00   0.000000e+00   0.000000e+00   0.000000e+00   0.000000e+00   0.000000e+00
  0.000000e+00   0.000000e+00   0.000000e+00   0.000000e+00   0.000000e+00   0.000000e+00
  0.000000e+00   0.000000e+00   0.000000e+00   0.000000e+00   0.000000e+00   0.000000e+00
  0.000000e+00   0.000000e+00   0.000000e+00   0.000000e+00   0.000000e+00   0.000000e+00
  0.000000e+00   0.000000e+00   0.000000e+00   0.000000e+00   0.000000e+00   0.000000e+00
---
