PdfType: replica
Format: lhagrid1
---
  3.162278e-04   3.266301e-04   3.373747e-04   3.484726e-04   3.599357e-04   3.717758e-04   3.840054e-04   3.966373e-04   4.096848e-04   4.231614e-04   4.370813e-04   4.514592e-04   4.663100e-04   4.816493e-04   4.974932e-04   5.138583e-04   5.307617e-04   5.482212e-04   5.662550e-04   5.848820e-04   6.041218e-04   6.239944e-04   6.445208e-04   6.657224e-04   6.876214e-04   7.102408e-04   7.336043e-04   7.577363e-04   7.826621e-04   8.084079e-04   8.350005e-04   8.624680e-04   8.908389e-04   9.201432e-04   9.504114e-04   9.816753e-04   1.013968e-03   1.047322e-03   1.081774e-03   1.117359e-03   1.154115e-03   1.192080e-03   1.231293e-03   1.271797e-03   1.313633e-03   1.356845e-03   1.401478e-03   1.447580e-03   1.495198e-03   1.544383e-03   1.595186e-03   1.647660e-03   1.701859e-03   1.757842e-03   1.815667e-03   1.875393e-03   1.937085e-03   2.000805e-03   2.066622e-03   2.134604e-03   2.204822e-03   2.277350e-03   2.352263e-03   2.429641e-03   2.509565e-03   2.592117e-03   2.677385e-03   2.765458e-03   2.856428e-03   2.950391e-03   3.047444e-03   3.147690e-03   3.251234e-03   3.358183e-03   3.468651e-03   3.582753e-03   3.700608e-03   3.822340e-03   3.948076e-03   4.077949e-03   4.212093e-03   4.350651e-03   4.493766e-03   4.641589e-03   4.794274e-03   4.951983e-03   5.114879e-03   5.283133e-03   5.456923e-03   5.636429e-03   5.821840e-03   6.013350e-03   6.211160e-03   6.415476e-03   6.626514e-03   6.844494e-03   7.069645e-03   7.302202e-03   7.542408e-03   7.790517e-03   8.046787e-03   8.311487e-03   8.584894e-03   8.867295e-03   9.158986e-03   9.460272e-03   9.771469e-03   1.009290e-02   1.042491e-02   1.076784e-02   1.112205e-02   1.148791e-02   1.186580e-02   1.225613e-02   1.265930e-02   1.307573e-02   1.350586e-02   1.395013e-02   1.440902e-02   1.488301e-02   1.537259e-02   1.587827e-02   1.640059e-02   1.694009e-02   1.749733e-02   1.807291e-02   1.866742e-02   1.928149e-02   1.991576e-02   2.057089e-02   2.124757e-02   2.194651e-02   2.266844e-02   2.341412e-02   2.418433e-02   2.497988e-02   2.580160e-02   2.665034e-02   2.752701e-02   2.843251e-02   2.936780e-02   3.033386e-02   3.133170e-02   3.236236e-02   3.342692e-02   3.452650e-02   3.566226e-02   3.683537e-02   3.804708e-02   3.929864e-02   4.059137e-02   4.192663e-02   4.330581e-02   4.473036e-02   4.620177e-02   4.772158e-02   4.929139e-02   5.091284e-02   5.258762e-02   5.431750e-02   5.610428e-02   5.794984e-02   5.985610e-02   6.182508e-02   6.385882e-02   6.595946e-02   6.812921e-02   7.037033e-02   7.268517e-02   7.507615e-02   7.754579e-02   8.009667e-02   8.273146e-02   8.545292e-02   8.826390e-02   9.116736e-02   9.416632e-02   9.726393e-02   1.004634e-01   1.037682e-01   1.071817e-01   1.107074e-01   1.143491e-01   1.181107e-01   1.219959e-01   1.260090e-01   1.301541e-01   1.344355e-01   1.388578e-01   1.434255e-01   1.481435e-01   1.530167e-01   1.580502e-01   1.632493e-01   1.686194e-01   1.741662e-01   1.798954e-01   1.858131e-01   1.919254e-01   1.982388e-01   2.047599e-01   2.114955e-01   2.184527e-01   2.256387e-01   2.330611e-01   2.407277e-01   2.486465e-01   2.568257e-01   2.652741e-01   2.740003e-01   2.830135e-01   2.923233e-01   3.019393e-01   3.118717e-01   3.221307e-01   3.327272e-01   3.436723e-01   3.549775e-01   3.666545e-01   3.787157e-01   3.911735e-01   4.040412e-01   4.173322e-01   4.310604e-01   4.452402e-01   4.598864e-01   4.750145e-01   4.906401e-01   5.067798e-01   5.234504e-01   5.406693e-01   5.584547e-01   5.768251e-01   5.957999e-01   6.153988e-01   6.356424e-01   6.565519e-01   6.781493e-01   7.004571e-01   7.234987e-01   7.472983e-01   7.718807e-01   7.972718e-01   8.234982e-01   8.505873e-01   8.785674e-01   9.074680e-01   9.373193e-01   9.681525e-01   1.000000e+00
0.1E+001 0.1E+007
-12 12
  0.000000e+00   0.000000e+00
  0.000000e+00   0.000000e+00
  0.000000e+00   0.000000e+00
  0.000000e+00   0.000000e+00
  0.000000e+00   0.000000e+00
  0.000000e+00   0.000000e+00
  1.834047e-06   1.834047e-06
  1.834047e-06   1.834047e-06
  1.824516e-05   1.824516e-05
  1.824516e-05   1.824516e-05
  5.070935e-05   5.070935e-05
  5.070935e-05   5.070935e-05
  1.034725e-04   1.034725e-04
  1.034725e-04   1.034725e-04
  1.779242e-04   1.779242e-04
  1.779242e-04   1.779242e-04
  2.760904e-04   2.760904e-04
  2.760904e-04   2.760904e-04
  4.030953e-04   4.030953e-04
  4.030953e-04   4.030953e-04
  5.591172e-04   5.591172e-04
  5.591172e-04   5.591172e-04
  9.353776e-04   9.353776e-04
  9.353776e-04   9.353776e-04
  1.669745e-03   1.669745e-03
  1.669745e-03   1.669745e-03
  2.805016e-03   2.805016e-03
  2.805016e-03   2.805016e-03
  4.434802e-03   4.434802e-03
  4.434802e-03   4.434802e-03
  7.980816e-03   7.980816e-03
  7.980816e-03   7.980816e-03
  1.591544e-02   1.591544e-02
  1.591544e-02   1.591544e-02
  2.851845e-02   2.851845e-02
  2.851845e-02   2.851845e-02
  4.747534e-02   4.707135e-02
  4.747534e-02   4.707135e-02
  9.151141e-02   8.345866e-02
  9.151141e-02   8.345866e-02
  1.430690e-01   1.238215e-01
  1.430690e-01   1.238215e-01
  2.034467e-01   1.685660e-01
  2.034467e-01   1.685660e-01
  2.716912e-01   2.179127e-01
  2.716912e-01   2.179127e-01
  3.440530e-01   2.719432e-01
  3.440530e-01   2.719432e-01
  4.192750e-01   3.309588e-01
  4.192750e-01   3.309588e-01
  4.979258e-01   3.953295e-01
  4.979258e-01   3.953295e-01
  5.795048e-01   4.654728e-01
  5.795048e-01   4.654728e-01
  6.643854e-01   5.418182e-01
  6.643854e-01   5.418182e-01
  7.525942e-01   6.248326e-01
  7.525942e-01   6.248326e-01
  8.442770e-01   7.144999e-01
  8.442770e-01   7.144999e-01
  9.421388e-01   8.093060e-01
  9.421388e-01   8.093060e-01
  1.047010e+00   9.083887e-01
  1.047010e+00   9.083887e-01
  1.159422e+00   1.012207e+00
  1.159422e+00   1.012207e+00
  1.279841e+00   1.120854e+00
  1.279841e+00   1.120854e+00
  1.408701e+00   1.234123e+00
  1.408701e+00   1.234123e+00
  1.546691e+00   1.352678e+00
  1.546691e+00   1.352678e+00
  1.694514e+00   1.476562e+00
  1.694514e+00   1.476562e+00
  1.854579e+00   1.609593e+00
  1.854579e+00   1.609593e+00
  2.028458e+00   1.753627e+00
  2.028458e+00   1.753627e+00
  2.217223e+00   1.909443e+00
  2.217223e+00   1.909443e+00
  2.421315e+00   2.077309e+00
  2.421315e+00   2.077309e+00
  2.641940e+00   2.258046e+00
  2.641940e+00   2.258046e+00
  2.880208e+00   2.452543e+00
  2.880208e+00   2.452543e+00
  3.136548e+00   2.660748e+00
  3.136548e+00   2.660748e+00
  3.398865e+00   2.867953e+00
  3.398865e+00   2.867953e+00
  3.664342e+00   3.070082e+00
  3.664342e+00   3.070082e+00
  3.929134e+00   3.261752e+00
  3.929134e+00   3.261752e+00
  4.168638e+00   3.426812e+00
  4.168638e+00   3.426812e+00
  4.380975e+00   3.567583e+00
  4.380975e+00   3.567583e+00
  4.586601e+00   3.699364e+00
  4.586601e+00   3.699364e+00
  4.786258e+00   3.822504e+00
  4.786258e+00   3.822504e+00
  4.987817e+00   3.948498e+00
  4.987817e+00   3.948498e+00
  5.200984e+00   4.086516e+00
  5.200984e+00   4.086516e+00
  5.426912e+00   4.238331e+00
  5.426912e+00   4.238331e+00
  5.666643e+00   4.405842e+00
  5.666643e+00   4.405842e+00
  5.920794e+00   4.589359e+00
  5.920794e+00   4.589359e+00
  6.190840e+00   4.792103e+00
  6.190840e+00   4.792103e+00
  6.477485e+00   5.014445e+00
  6.477485e+00   5.014445e+00
  6.780344e+00   5.256864e+00
  6.780344e+00   5.256864e+00
  7.097895e+00   5.520854e+00
  7.097895e+00   5.520854e+00
  7.430806e+00   5.807287e+00
  7.430806e+00   5.807287e+00
  7.779580e+00   6.119633e+00
  7.779580e+00   6.119633e+00
  8.145268e+00   6.458756e+00
  8.145268e+00   6.458756e+00
  8.528642e+00   6.827444e+00
  8.528642e+00   6.827444e+00
  8.930531e+00   7.228613e+00
  8.930531e+00   7.228613e+00
  9.348920e+00   7.656450e+00
  9.348920e+00   7.656450e+00
  9.777409e+00   8.099584e+00
  9.777409e+00   8.099584e+00
  1.021699e+01   8.558764e+00
  1.021699e+01   8.558764e+00
  1.066665e+01   9.033425e+00
  1.066665e+01   9.033425e+00
  1.112559e+01   9.523238e+00
  1.112559e+01   9.523238e+00
  1.159486e+01   1.002982e+01
  1.159486e+01   1.002982e+01
  1.207157e+01   1.055078e+01
  1.207157e+01   1.055078e+01
  1.255879e+01   1.109202e+01
  1.255879e+01   1.109202e+01
  1.306039e+01   1.166363e+01
  1.306039e+01   1.166363e+01
  1.357776e+01   1.226976e+01
  1.357776e+01   1.226976e+01
  1.411190e+01   1.291244e+01
  1.411190e+01   1.291244e+01
  1.466184e+01   1.359442e+01
  1.466184e+01   1.359442e+01
  1.522900e+01   1.431791e+01
  1.522900e+01   1.431791e+01
  1.581309e+01   1.508577e+01
  1.581309e+01   1.508577e+01
  1.641456e+01   1.589057e+01
  1.641456e+01   1.589057e+01
  1.703495e+01   1.670356e+01
  1.703495e+01   1.670356e+01
  1.767274e+01   1.750609e+01
  1.767274e+01   1.750609e+01
  1.832951e+01   1.830343e+01
  1.832951e+01   1.830343e+01
  1.900478e+01   1.908684e+01
  1.900478e+01   1.908684e+01
  1.969862e+01   1.985075e+01
  1.969862e+01   1.985075e+01
  2.041202e+01   2.059582e+01
  2.041202e+01   2.059582e+01
  2.113874e+01   2.131124e+01
  2.113874e+01   2.131124e+01
  2.186057e+01   2.203044e+01
  2.186057e+01   2.203044e+01
  2.256771e+01   2.275432e+01
  2.256771e+01   2.275432e+01
  2.325570e+01   2.348107e+01
  2.325570e+01   2.348107e+01
  2.392398e+01   2.421084e+01
  2.392398e+01   2.421084e+01
  2.455901e+01   2.493728e+01
  2.455901e+01   2.493728e+01
  2.516356e+01   2.566225e+01
  2.516356e+01   2.566225e+01
  2.572916e+01   2.637904e+01
  2.572916e+01   2.637904e+01
  2.626829e+01   2.706998e+01
  2.626829e+01   2.706998e+01
  2.678315e+01   2.773225e+01
  2.678315e+01   2.773225e+01
  2.726476e+01   2.835156e+01
  2.726476e+01   2.835156e+01
  2.771275e+01   2.892969e+01
  2.771275e+01   2.892969e+01
  2.811914e+01   2.945460e+01
  2.811914e+01   2.945460e+01
  2.847831e+01   2.991881e+01
  2.847831e+01   2.991881e+01
  2.878649e+01   3.031830e+01
  2.878649e+01   3.031830e+01
  2.907172e+01   3.068916e+01
  2.907172e+01   3.068916e+01
  2.934318e+01   3.104516e+01
  2.934318e+01   3.104516e+01
  2.960225e+01   3.138639e+01
  2.960225e+01   3.138639e+01
  2.984736e+01   3.171077e+01
  2.984736e+01   3.171077e+01
  3.007540e+01   3.201508e+01
  3.007540e+01   3.201508e+01
  3.028955e+01   3.230040e+01
  3.028955e+01   3.230040e+01
  3.048369e+01   3.256121e+01
  3.048369e+01   3.256121e+01
  3.065729e+01   3.281378e+01
  3.065729e+01   3.281378e+01
  3.080486e+01   3.306258e+01
  3.080486e+01   3.306258e+01
  3.092227e+01   3.330497e+01
  3.092227e+01   3.330497e+01
  3.101115e+01   3.354877e+01
  3.101115e+01   3.354877e+01
  3.106449e+01   3.378648e+01
  3.106449e+01   3.378648e+01
  3.108255e+01   3.402422e+01
  3.108255e+01   3.402422e+01
  3.106154e+01   3.426121e+01
  3.106154e+01   3.426121e+01
  3.100929e+01   3.446019e+01
  3.100929e+01   3.446019e+01
  3.094700e+01   3.458455e+01
  3.094700e+01   3.458455e+01
  3.086588e+01   3.462817e+01
  3.086588e+01   3.462817e+01
  3.077388e+01   3.457971e+01
  3.077388e+01   3.457971e+01
  3.066923e+01   3.443015e+01
  3.066923e+01   3.443015e+01
  3.054944e+01   3.416997e+01
  3.054944e+01   3.416997e+01
  3.042603e+01   3.378469e+01
  3.042603e+01   3.378469e+01
  3.029378e+01   3.333106e+01
  3.029378e+01   3.333106e+01
  3.016735e+01   3.290518e+01
  3.016735e+01   3.290518e+01
  3.004445e+01   3.251054e+01
  3.004445e+01   3.251054e+01
  2.992458e+01   3.214914e+01
  2.992458e+01   3.214914e+01
  2.982392e+01   3.185289e+01
  2.982392e+01   3.185289e+01
  2.973174e+01   3.160616e+01
  2.973174e+01   3.160616e+01
  2.966447e+01   3.144192e+01
  2.966447e+01   3.144192e+01
  2.960480e+01   3.133258e+01
  2.960480e+01   3.133258e+01
  2.952044e+01   3.122143e+01
  2.952044e+01   3.122143e+01
  2.941659e+01   3.112040e+01
  2.941659e+01   3.112040e+01
  2.928450e+01   3.101909e+01
  2.928450e+01   3.101909e+01
  2.913044e+01   3.093244e+01
  2.913044e+01   3.093244e+01
  2.895045e+01   3.085871e+01
  2.895045e+01   3.085871e+01
  2.874250e+01   3.079968e+01
  2.874250e+01   3.079968e+01
  2.851282e+01   3.075441e+01
  2.851282e+01   3.075441e+01
  2.824319e+01   3.065350e+01
  2.824319e+01   3.065350e+01
  2.793795e+01   3.049225e+01
  2.793795e+01   3.049225e+01
  2.759174e+01   3.026408e+01
  2.759174e+01   3.026408e+01
  2.720172e+01   2.996287e+01
  2.720172e+01   2.996287e+01
  2.677280e+01   2.958457e+01
  2.677280e+01   2.958457e+01
  2.629450e+01   2.911974e+01
  2.629450e+01   2.911974e+01
  2.578122e+01   2.858241e+01
  2.578122e+01   2.858241e+01
  2.526770e+01   2.805422e+01
  2.526770e+01   2.805422e+01
  2.476078e+01   2.754745e+01
  2.476078e+01   2.754745e+01
  2.427984e+01   2.708642e+01
  2.427984e+01   2.708642e+01
  2.381280e+01   2.665795e+01
  2.381280e+01   2.665795e+01
  2.338559e+01   2.629438e+01
  2.338559e+01   2.629438e+01
  2.299485e+01   2.599313e+01
  2.299485e+01   2.599313e+01
  2.264409e+01   2.575746e+01
  2.264409e+01   2.575746e+01
  2.226031e+01   2.548176e+01
  2.226031e+01   2.548176e+01
  2.181932e+01   2.513628e+01
  2.181932e+01   2.513628e+01
  2.132263e+01   2.471763e+01
  2.132263e+01   2.471763e+01
  2.076313e+01   2.421810e+01
  2.076313e+01   2.421810e+01
  2.013696e+01   2.363115e+01
  2.013696e+01   2.363115e+01
  1.944357e+01   2.295141e+01
  1.944357e+01   2.295141e+01
  1.867539e+01   2.217175e+01
  1.867539e+01   2.217175e+01
  1.789963e+01   2.136340e+01
  1.789963e+01   2.136340e+01
  1.712655e+01   2.053824e+01
  1.712655e+01   2.053824e+01
  1.636370e+01   1.970156e+01
  1.636370e+01   1.970156e+01
  1.562981e+01   1.886888e+01
  1.562981e+01   1.886888e+01
  1.491384e+01   1.802798e+01
  1.491384e+01   1.802798e+01
  1.424662e+01   1.720532e+01
  1.424662e+01   1.720532e+01
  1.362037e+01   1.639279e+01
  1.362037e+01   1.639279e+01
  1.300280e+01   1.558821e+01
  1.300280e+01   1.558821e+01
  1.238154e+01   1.480138e+01
  1.238154e+01   1.480138e+01
  1.174830e+01   1.402169e+01
  1.174830e+01   1.402169e+01
  1.112053e+01   1.327797e+01
  1.112053e+01   1.327797e+01
  1.049159e+01   1.256239e+01
  1.049159e+01   1.256239e+01
  9.868303e+00   1.188791e+01
  9.868303e+00   1.188791e+01
  9.262619e+00   1.127384e+01
  9.262619e+00   1.127384e+01
  8.660845e+00   1.067346e+01
  8.660845e+00   1.067346e+01
  8.076924e+00   1.007312e+01
  8.076924e+00   1.007312e+01
  7.504429e+00   9.465934e+00
  7.504429e+00   9.465934e+00
  6.952253e+00   8.858110e+00
  6.952253e+00   8.858110e+00
  6.433145e+00   8.259082e+00
  6.433145e+00   8.259082e+00
  5.941298e+00   7.662166e+00
  5.941298e+00   7.662166e+00
  5.501264e+00   7.087415e+00
  5.501264e+00   7.087415e+00
  5.087145e+00   6.524047e+00
  5.087145e+00   6.524047e+00
  4.683006e+00   5.975939e+00
  4.683006e+00   5.975939e+00
  4.296502e+00   5.453742e+00
  4.296502e+00   5.453742e+00
  3.923707e+00   4.952223e+00
  3.923707e+00   4.952223e+00
  3.581462e+00   4.494672e+00
  3.581462e+00   4.494672e+00
  3.265029e+00   4.074759e+00
  3.265029e+00   4.074759e+00
  2.983506e+00   3.705179e+00
  2.983506e+00   3.705179e+00
  2.731775e+00   3.379103e+00
  2.731775e+00   3.379103e+00
  2.481921e+00   3.058251e+00
  2.481921e+00   3.058251e+00
  2.242680e+00   2.754799e+00
  2.242680e+00   2.754799e+00
  2.010729e+00   2.464442e+00
  2.010729e+00   2.464442e+00
  1.791000e+00   2.194186e+00
  1.791000e+00   2.194186e+00
  1.588176e+00   1.950717e+00
  1.588176e+00   1.950717e+00
  1.400628e+00   1.732104e+00
  1.400628e+00   1.732104e+00
  1.234488e+00   1.544735e+00
  1.234488e+00   1.544735e+00
  1.074896e+00   1.363709e+00
  1.074896e+00   1.363709e+00
  9.254545e-01   1.192716e+00
  9.254545e-01   1.192716e+00
  7.893904e-01   1.035191e+00
  7.893904e-01   1.035191e+00
  6.657863e-01   8.900321e-01
  6.657863e-01   8.900321e-01
  5.631277e-01   7.664142e-01
  5.631277e-01   7.664142e-01
  4.791251e-01   6.617180e-01
  4.791251e-01   6.617180e-01
  4.475221e-01   6.190637e-01
  4.475221e-01   6.190637e-01
  3.940973e-01   5.442874e-01
  3.940973e-01   5.442874e-01
  3.364859e-01   4.636599e-01
  3.364859e-01   4.636599e-01
  2.749238e-01   3.775102e-01
  2.749238e-01   3.775102e-01
  2.087709e-01   2.849446e-01
  2.087709e-01   2.849446e-01
  1.379996e-01   1.859244e-01
  1.379996e-01   1.859244e-01
  6.241841e-02   8.018183e-02
  6.241841e-02   8.018183e-02
  0.000000e+00   0.000000e+00
  0.000000e+00   0.000000e+00
  0.000000e+00   0.000000e+00
  0.000000e+00   0.000000e+00
  0.000000e+00   0.000000e+00
  0.000000e+00   0.000000e+00
  0.000000e+00   0.000000e+00
  0.000000e+00   0.000000e+00
  0.000000e+00   0.000000e+00
  0.000000e+00   0.000000e+00
  0.000000e+00   0.000000e+00
  0.000000e+00   0.000000e+00
  0.000000e+00   0.000000e+00
  0.000000e+00   0.000000e+00
  0.000000e+00   0.000000e+00
  0.000000e+00   0.000000e+00
  0.000000e+00   0.000000e+00
  0.000000e+00   0.000000e+00
  0.000000e+00   0.000000e+00
  0.000000e+00   0.000000e+00
  0.000000e+00   0.000000e+00
  0.000000e+00   0.000000e+00
  0.000000e+00   0.000000e+00
  0.000000e+00   0.000000e+00
  0.000000e+00   0.000000e+00
  0.000000e+00   0.000000e+00
  0.000000e+00   0.000000e+00
  0.000000e+00   0.000000e+00
  0.000000e+00   0.000000e+00
  0.000000e+00   0.000000e+00
  0.000000e+00   0.000000e+00
  0.000000e+00   0.000000e+00
  0.000000e+00   0.000000e+00
  0.000000e+00   0.000000e+00
  0.000000e+00   0.000000e+00
  0.000000e+00   0.000000e+00
  0.000000e+00   0.000000e+00
  0.000000e+00   0.000000e+00
  0.000000e+00   0.000000e+00
  0.000000e+00   0.000000e+00
  0.000000e+00   0.000000e+00
  0.000000e+00   0.000000e+00
  0.000000e+00   0.000000e+00
  0.000000e+00   0.000000e+00
  0.000000e+00   0.000000e+00
  0.000000e+00   0.000000e+00
  0.000000e+00   0.000000e+00
  0.000000e+00   0.000000e+00
  0.000000e+00   0.000000e+00
  0.000000e+00   0.000000e+00
  0.000000e+00   0.000000e+00
  0.000000e+00   0.000000e+00
  0.000000e+00   0.000000e+00
  0.000000e+00   0.000000e+00
  0.000000e+00   0.000000e+00
  0.000000e+00   0.000000e+00
  0.000000e+00   0.000000e+00
  0.000000e+00   0.000000e+00
  0.000000e+00   0.000000e+00
  0.000000e+00   0.000000e+00
  0.000000e+00   0.000000e+00
  0.000000e+00   0.000000e+00
  0.000000e+00   0.000000e+00
  0.000000e+00   0.000000e+00
  0.000000e+00   0.000000e+00
  0.000000e+00   0.000000e+00
  0.000000e+00   0.000000e+00
  0.000000e+00   0.000000e+00
  0.000000e+00   0.000000e+00
  0.000000e+00   0.000000e+00
  0.000000e+00   0.000000e+00
  0.000000e+00   0.000000e+00
  0.000000e+00   0.000000e+00
  0.000000e+00   0.000000e+00
  0.000000e+00   0.000000e+00
  0.000000e+00   0.000000e+00
  0.000000e+00   0.000000e+00
  0.000000e+00   0.000000e+00
  0.000000e+00   0.000000e+00
  0.000000e+00   0.000000e+00
  0.000000e+00   0.000000e+00
  0.000000e+00   0.000000e+00
  0.000000e+00   0.000000e+00
  0.000000e+00   0.000000e+00
  0.000000e+00   0.000000e+00
  0.000000e+00   0.000000e+00
---
