PdfType: replica
Format: lhagrid1
---
  3.162278e-04   3.266301e-04   3.373747e-04   3.484726e-04   3.599357e-04   3.717758e-04   3.840054e-04   3.966373e-04   4.096848e-04   4.231614e-04   4.370813e-04   4.514592e-04   4.663100e-04   4.816493e-04   4.974932e-04   5.138583e-04   5.307617e-04   5.482212e-04   5.662550e-04   5.848820e-04   6.041218e-04   6.239944e-04   6.445208e-04   6.657224e-04   6.876214e-04   7.102408e-04   7.336043e-04   7.577363e-04   7.826621e-04   8.084079e-04   8.350005e-04   8.624680e-04   8.908389e-04   9.201432e-04   9.504114e-04   9.816753e-04   1.013968e-03   1.047322e-03   1.081774e-03   1.117359e-03   1.154115e-03   1.192080e-03   1.231293e-03   1.271797e-03   1.313633e-03   1.356845e-03   1.401478e-03   1.447580e-03   1.495198e-03   1.544383e-03   1.595186e-03   1.647660e-03   1.701859e-03   1.757842e-03   1.815667e-03   1.875393e-03   1.937085e-03   2.000805e-03   2.066622e-03   2.134604e-03   2.204822e-03   2.277350e-03   2.352263e-03   2.429641e-03   2.509565e-03   2.592117e-03   2.677385e-03   2.765458e-03   2.856428e-03   2.950391e-03   3.047444e-03   3.147690e-03   3.251234e-03   3.358183e-03   3.468651e-03   3.582753e-03   3.700608e-03   3.822340e-03   3.948076e-03   4.077949e-03   4.212093e-03   4.350651e-03   4.493766e-03   4.641589e-03   4.794274e-03   4.951983e-03   5.114879e-03   5.283133e-03   5.456923e-03   5.636429e-03   5.821840e-03   6.013350e-03   6.211160e-03   6.415476e-03   6.626514e-03   6.844494e-03   7.069645e-03   7.302202e-03   7.542408e-03   7.790517e-03   8.046787e-03   8.311487e-03   8.584894e-03   8.867295e-03   9.158986e-03   9.460272e-03   9.771469e-03   1.009290e-02   1.042491e-02   1.076784e-02   1.112205e-02   1.148791e-02   1.186580e-02   1.225613e-02   1.265930e-02   1.307573e-02   1.350586e-02   1.395013e-02   1.440902e-02   1.488301e-02   1.537259e-02   1.587827e-02   1.640059e-02   1.694009e-02   1.749733e-02   1.807291e-02   1.866742e-02   1.928149e-02   1.991576e-02   2.057089e-02   2.124757e-02   2.194651e-02   2.266844e-02   2.341412e-02   2.418433e-02   2.497988e-02   2.580160e-02   2.665034e-02   2.752701e-02   2.843251e-02   2.936780e-02   3.033386e-02   3.133170e-02   3.236236e-02   3.342692e-02   3.452650e-02   3.566226e-02   3.683537e-02   3.804708e-02   3.929864e-02   4.059137e-02   4.192663e-02   4.330581e-02   4.473036e-02   4.620177e-02   4.772158e-02   4.929139e-02   5.091284e-02   5.258762e-02   5.431750e-02   5.610428e-02   5.794984e-02   5.985610e-02   6.182508e-02   6.385882e-02   6.595946e-02   6.812921e-02   7.037033e-02   7.268517e-02   7.507615e-02   7.754579e-02   8.009667e-02   8.273146e-02   8.545292e-02   8.826390e-02   9.116736e-02   9.416632e-02   9.726393e-02   1.004634e-01   1.037682e-01   1.071817e-01   1.107074e-01   1.143491e-01   1.181107e-01   1.219959e-01   1.260090e-01   1.301541e-01   1.344355e-01   1.388578e-01   1.434255e-01   1.481435e-01   1.530167e-01   1.580502e-01   1.632493e-01   1.686194e-01   1.741662e-01   1.798954e-01   1.858131e-01   1.919254e-01   1.982388e-01   2.047599e-01   2.114955e-01   2.184527e-01   2.256387e-01   2.330611e-01   2.407277e-01   2.486465e-01   2.568257e-01   2.652741e-01   2.740003e-01   2.830135e-01   2.923233e-01   3.019393e-01   3.118717e-01   3.221307e-01   3.327272e-01   3.436723e-01   3.549775e-01   3.666545e-01   3.787157e-01   3.911735e-01   4.040412e-01   4.173322e-01   4.310604e-01   4.452402e-01   4.598864e-01   4.750145e-01   4.906401e-01   5.067798e-01   5.234504e-01   5.406693e-01   5.584547e-01   5.768251e-01   5.957999e-01   6.153988e-01   6.356424e-01   6.565519e-01   6.781493e-01   7.004571e-01   7.234987e-01   7.472983e-01   7.718807e-01   7.972718e-01   8.234982e-01   8.505873e-01   8.785674e-01   9.074680e-01   9.373193e-01   9.681525e-01   1.000000e+00
0.1E+001 0.1E+007
-16 -14 -12 12 14 16
  0.000000e+00   0.000000e+00   0.000000e+00   0.000000e+00   0.000000e+00   0.000000e+00
  0.000000e+00   0.000000e+00   0.000000e+00   0.000000e+00   0.000000e+00   0.000000e+00
  0.000000e+00   0.000000e+00   0.000000e+00   0.000000e+00   0.000000e+00   0.000000e+00
  0.000000e+00   0.000000e+00   0.000000e+00   0.000000e+00   0.000000e+00   0.000000e+00
  0.000000e+00   0.000000e+00   0.000000e+00   0.000000e+00   0.000000e+00   0.000000e+00
  0.000000e+00   0.000000e+00   0.000000e+00   0.000000e+00   0.000000e+00   0.000000e+00
  0.000000e+00   0.000000e+00   0.000000e+00   0.000000e+00   0.000000e+00   0.000000e+00
  0.000000e+00   0.000000e+00   0.000000e+00   0.000000e+00   0.000000e+00   0.000000e+00
  0.000000e+00   0.000000e+00   0.000000e+00   0.000000e+00   0.000000e+00   0.000000e+00
  0.000000e+00   0.000000e+00   0.000000e+00   0.000000e+00   0.000000e+00   0.000000e+00
  0.000000e+00   0.000000e+00   0.000000e+00   0.000000e+00   0.000000e+00   0.000000e+00
  0.000000e+00   0.000000e+00   0.000000e+00   0.000000e+00   0.000000e+00   0.000000e+00
  0.000000e+00   0.000000e+00   0.000000e+00   0.000000e+00   0.000000e+00   0.000000e+00
  0.000000e+00   0.000000e+00   0.000000e+00   0.000000e+00   0.000000e+00   0.000000e+00
  0.000000e+00   0.000000e+00   0.000000e+00   0.000000e+00   0.000000e+00   0.000000e+00
  0.000000e+00   0.000000e+00   0.000000e+00   0.000000e+00   0.000000e+00   0.000000e+00
  0.000000e+00   0.000000e+00   0.000000e+00   0.000000e+00   0.000000e+00   0.000000e+00
  0.000000e+00   0.000000e+00   0.000000e+00   0.000000e+00   0.000000e+00   0.000000e+00
  0.000000e+00   0.000000e+00   0.000000e+00   0.000000e+00   0.000000e+00   0.000000e+00
  0.000000e+00   0.000000e+00   0.000000e+00   0.000000e+00   0.000000e+00   0.000000e+00
  0.000000e+00   0.000000e+00   0.000000e+00   0.000000e+00   0.000000e+00   0.000000e+00
  0.000000e+00   0.000000e+00   0.000000e+00   0.000000e+00   0.000000e+00   0.000000e+00
  0.000000e+00   0.000000e+00   0.000000e+00   0.000000e+00   0.000000e+00   0.000000e+00
  0.000000e+00   0.000000e+00   0.000000e+00   0.000000e+00   0.000000e+00   0.000000e+00
  0.000000e+00   0.000000e+00   0.000000e+00   0.000000e+00   0.000000e+00   0.000000e+00
  0.000000e+00   0.000000e+00   0.000000e+00   0.000000e+00   0.000000e+00   0.000000e+00
  0.000000e+00   0.000000e+00   0.000000e+00   0.000000e+00   0.000000e+00   0.000000e+00
  0.000000e+00   0.000000e+00   0.000000e+00   0.000000e+00   0.000000e+00   0.000000e+00
  0.000000e+00   0.000000e+00   0.000000e+00   0.000000e+00   0.000000e+00   0.000000e+00
  0.000000e+00   0.000000e+00   0.000000e+00   0.000000e+00   0.000000e+00   0.000000e+00
  0.000000e+00   0.000000e+00   0.000000e+00   0.000000e+00   0.000000e+00   0.000000e+00
  0.000000e+00   0.000000e+00   0.000000e+00   0.000000e+00   0.000000e+00   0.000000e+00
  2.930512e-07   2.930512e-07   2.930512e-07   2.930512e-07   2.930512e-07   2.930512e-07
  2.930512e-07   2.930512e-07   2.930512e-07   2.930512e-07   2.930512e-07   2.930512e-07
  5.115047e-06   5.115047e-06   5.115047e-06   5.115047e-06   5.115047e-06   5.115047e-06
  5.115047e-06   5.115047e-06   5.115047e-06   5.115047e-06   5.115047e-06   5.115047e-06
  1.736431e-05   1.736431e-05   1.736431e-05   1.736431e-05   1.736431e-05   1.736431e-05
  1.736431e-05   1.736431e-05   1.736431e-05   1.736431e-05   1.736431e-05   1.736431e-05
  3.934828e-05   3.934828e-05   3.934828e-05   3.934828e-05   3.934828e-05   3.934828e-05
  3.934828e-05   3.934828e-05   3.934828e-05   3.934828e-05   3.934828e-05   3.934828e-05
  7.074574e-05   7.074574e-05   7.074574e-05   7.074574e-05   7.074574e-05   7.074574e-05
  7.074574e-05   7.074574e-05   7.074574e-05   7.074574e-05   7.074574e-05   7.074574e-05
  1.566911e-04   1.566911e-04   1.566911e-04   1.566911e-04   1.566911e-04   1.566911e-04
  1.566911e-04   1.566911e-04   1.566911e-04   1.566911e-04   1.566911e-04   1.566911e-04
  3.318716e-04   3.318716e-04   3.318716e-04   3.318716e-04   3.318716e-04   3.318716e-04
  3.318716e-04   3.318716e-04   3.318716e-04   3.318716e-04   3.318716e-04   3.318716e-04
  6.152262e-04   6.152262e-04   6.152262e-04   6.152262e-04   6.152262e-04   6.152262e-04
  6.152262e-04   6.152262e-04   6.152262e-04   6.152262e-04   6.152262e-04   6.152262e-04
  4.842809e-02   6.477231e+02   8.335963e+00   5.471343e+00   6.984691e+02   4.174635e-02
  4.842809e-02   6.477231e+02   8.335963e+00   5.471343e+00   6.984691e+02   4.174635e-02
  1.534908e-01   2.118737e+03   2.799436e+01   1.729265e+01   2.290210e+03   1.504202e-01
  1.534908e-01   2.118737e+03   2.799436e+01   1.729265e+01   2.290210e+03   1.504202e-01
  2.593835e-01   3.684467e+03   5.032439e+01   2.871274e+01   3.995011e+03   2.963947e-01
  2.593835e-01   3.684467e+03   5.032439e+01   2.871274e+01   3.995011e+03   2.963947e-01
  3.671281e-01   5.357334e+03   7.546001e+01   3.985789e+01   5.826070e+03   4.798969e-01
  3.671281e-01   5.357334e+03   7.546001e+01   3.985789e+01   5.826070e+03   4.798969e-01
  4.780370e-01   7.130000e+03   1.034651e+02   5.058123e+01   7.773652e+03   7.046247e-01
  4.780370e-01   7.130000e+03   1.034651e+02   5.058123e+01   7.773652e+03   7.046247e-01
  6.067166e-01   9.006589e+03   1.332328e+02   6.204843e+01   9.822226e+03   9.486283e-01
  6.067166e-01   9.006589e+03   1.332328e+02   6.204843e+01   9.822226e+03   9.486283e-01
  7.562753e-01   1.098215e+04   1.646995e+02   7.428100e+01   1.196230e+04   1.212629e+00
  7.562753e-01   1.098215e+04   1.646995e+02   7.428100e+01   1.196230e+04   1.212629e+00
  9.281510e-01   1.306533e+04   1.980108e+02   8.734070e+01   1.420231e+04   1.498198e+00
  9.281510e-01   1.306533e+04   1.980108e+02   8.734070e+01   1.420231e+04   1.498198e+00
  1.124659e+00   1.525917e+04   2.332335e+02   1.012709e+02   1.654312e+04   1.806776e+00
  1.124659e+00   1.525917e+04   2.332335e+02   1.012709e+02   1.654312e+04   1.806776e+00
  1.348617e+00   1.756424e+04   2.704004e+02   1.161080e+02   1.898209e+04   2.139804e+00
  1.348617e+00   1.756424e+04   2.704004e+02   1.161080e+02   1.898209e+04   2.139804e+00
  1.601612e+00   1.999253e+04   3.097100e+02   1.319327e+02   2.153138e+04   2.499259e+00
  1.601612e+00   1.999253e+04   3.097100e+02   1.319327e+02   2.153138e+04   2.499259e+00
  1.882953e+00   2.253815e+04   3.511713e+02   1.495223e+02   2.418390e+04   2.918788e+00
  1.882953e+00   2.253815e+04   3.511713e+02   1.495223e+02   2.418390e+04   2.918788e+00
  2.174921e+00   2.523035e+04   3.954780e+02   1.718522e+02   2.699105e+04   3.521292e+00
  2.174921e+00   2.523035e+04   3.954780e+02   1.718522e+02   2.699105e+04   3.521292e+00
  2.470877e+00   2.806551e+04   4.427606e+02   2.007012e+02   2.995407e+04   4.382708e+00
  2.470877e+00   2.806551e+04   4.427606e+02   2.007012e+02   2.995407e+04   4.382708e+00
  2.772628e+00   3.105951e+04   4.932854e+02   2.362127e+02   3.308938e+04   5.507167e+00
  2.772628e+00   3.105951e+04   4.932854e+02   2.362127e+02   3.308938e+04   5.507167e+00
  3.077764e+00   3.421384e+04   5.471996e+02   2.794817e+02   3.640005e+04   6.940868e+00
  3.077764e+00   3.421384e+04   5.471996e+02   2.794817e+02   3.640005e+04   6.940868e+00
  3.385635e+00   3.753679e+04   6.047206e+02   3.312711e+02   3.989566e+04   8.715150e+00
  3.385635e+00   3.753679e+04   6.047206e+02   3.312711e+02   3.989566e+04   8.715150e+00
  3.682064e+00   4.084785e+04   6.636366e+02   3.906753e+02   4.338195e+04   1.084677e+01
  3.682064e+00   4.084785e+04   6.636366e+02   3.906753e+02   4.338195e+04   1.084677e+01
  3.854349e+00   4.201130e+04   6.963308e+02   4.408160e+02   4.455419e+04   1.318891e+01
  3.854349e+00   4.201130e+04   6.963308e+02   4.408160e+02   4.455419e+04   1.318891e+01
  4.255972e+00   4.317486e+04   7.301772e+02   4.978675e+02   4.571835e+04   1.558726e+01
  4.255972e+00   4.317486e+04   7.301772e+02   4.978675e+02   4.571835e+04   1.558726e+01
  5.049682e+00   4.432068e+04   7.654393e+02   5.616383e+02   4.685513e+04   1.788574e+01
  5.049682e+00   4.432068e+04   7.654393e+02   5.616383e+02   4.685513e+04   1.788574e+01
  6.217769e+00   4.545088e+04   8.022531e+02   6.323610e+02   4.796635e+04   2.011726e+01
  6.217769e+00   4.545088e+04   8.022531e+02   6.323610e+02   4.796635e+04   2.011726e+01
  7.830650e+00   4.657432e+04   8.429279e+02   7.090748e+02   4.909686e+04   2.225932e+01
  7.830650e+00   4.657432e+04   8.429279e+02   7.090748e+02   4.909686e+04   2.225932e+01
  9.905451e+00   4.769563e+04   8.884651e+02   7.915834e+02   5.026521e+04   2.432498e+01
  9.905451e+00   4.769563e+04   8.884651e+02   7.915834e+02   5.026521e+04   2.432498e+01
  1.250267e+01   4.881132e+04   9.394071e+02   8.802695e+02   5.147444e+04   2.628784e+01
  1.250267e+01   4.881132e+04   9.394071e+02   8.802695e+02   5.147444e+04   2.628784e+01
  1.563954e+01   4.992017e+04   9.960729e+02   9.751209e+02   5.273018e+04   2.816849e+01
  1.563954e+01   4.992017e+04   9.960729e+02   9.751209e+02   5.273018e+04   2.816849e+01
  1.899157e+01   5.103869e+04   1.056703e+03   1.073933e+03   5.404397e+04   3.032099e+01
  1.899157e+01   5.103869e+04   1.056703e+03   1.073933e+03   5.404397e+04   3.032099e+01
  2.235453e+01   5.217762e+04   1.120461e+03   1.174604e+03   5.543519e+04   3.300126e+01
  2.235453e+01   5.217762e+04   1.120461e+03   1.174604e+03   5.543519e+04   3.300126e+01
  2.576310e+01   5.333388e+04   1.187627e+03   1.277932e+03   5.689986e+04   3.620413e+01
  2.576310e+01   5.333388e+04   1.187627e+03   1.277932e+03   5.689986e+04   3.620413e+01
  2.919047e+01   5.449158e+04   1.257532e+03   1.377476e+03   5.839863e+04   3.982959e+01
  2.919047e+01   5.449158e+04   1.257532e+03   1.377476e+03   5.839863e+04   3.982959e+01
  3.267783e+01   5.563862e+04   1.330096e+03   1.471174e+03   5.990205e+04   4.378096e+01
  3.267783e+01   5.563862e+04   1.330096e+03   1.471174e+03   5.990205e+04   4.378096e+01
  3.619507e+01   5.677000e+04   1.405200e+03   1.556488e+03   6.140401e+04   4.808556e+01
  3.619507e+01   5.677000e+04   1.405200e+03   1.556488e+03   6.140401e+04   4.808556e+01
  3.974079e+01   5.788231e+04   1.482884e+03   1.632443e+03   6.290091e+04   5.276140e+01
  3.974079e+01   5.788231e+04   1.482884e+03   1.632443e+03   6.290091e+04   5.276140e+01
  4.342458e+01   5.898841e+04   1.562148e+03   1.701572e+03   6.438862e+04   5.762286e+01
  4.342458e+01   5.898841e+04   1.562148e+03   1.701572e+03   6.438862e+04   5.762286e+01
  4.730690e+01   6.009721e+04   1.641883e+03   1.763887e+03   6.585961e+04   6.251994e+01
  4.730690e+01   6.009721e+04   1.641883e+03   1.763887e+03   6.585961e+04   6.251994e+01
  5.140886e+01   6.120426e+04   1.722443e+03   1.819724e+03   6.731203e+04   6.748397e+01
  5.140886e+01   6.120426e+04   1.722443e+03   1.819724e+03   6.731203e+04   6.748397e+01
  5.539936e+01   6.234485e+04   1.801143e+03   1.871913e+03   6.876629e+04   7.289187e+01
  5.539936e+01   6.234485e+04   1.801143e+03   1.871913e+03   6.876629e+04   7.289187e+01
  5.907614e+01   6.353638e+04   1.877427e+03   1.925496e+03   7.024368e+04   7.911807e+01
  5.907614e+01   6.353638e+04   1.877427e+03   1.925496e+03   7.024368e+04   7.911807e+01
  6.227606e+01   6.479620e+04   1.949548e+03   1.980537e+03   7.174871e+04   8.632020e+01
  6.227606e+01   6.479620e+04   1.949548e+03   1.980537e+03   7.174871e+04   8.632020e+01
  6.498401e+01   6.612363e+04   2.017363e+03   2.037051e+03   7.327909e+04   9.455297e+01
  6.498401e+01   6.612363e+04   2.017363e+03   2.037051e+03   7.327909e+04   9.455297e+01
  6.735412e+01   6.749134e+04   2.082999e+03   2.095552e+03   7.482822e+04   1.036117e+02
  6.735412e+01   6.749134e+04   2.082999e+03   2.095552e+03   7.482822e+04   1.036117e+02
  6.950776e+01   6.887621e+04   2.148190e+03   2.156510e+03   7.639028e+04   1.133311e+02
  6.950776e+01   6.887621e+04   2.148190e+03   2.156510e+03   7.639028e+04   1.133311e+02
  7.145343e+01   7.027378e+04   2.213048e+03   2.220069e+03   7.796149e+04   1.237393e+02
  7.145343e+01   7.027378e+04   2.213048e+03   2.220069e+03   7.796149e+04   1.237393e+02
  7.357346e+01   7.166222e+04   2.279636e+03   2.290087e+03   7.952727e+04   1.344127e+02
  7.357346e+01   7.166222e+04   2.279636e+03   2.290087e+03   7.952727e+04   1.344127e+02
  7.645071e+01   7.300581e+04   2.351402e+03   2.370865e+03   8.106303e+04   1.448411e+02
  7.645071e+01   7.300581e+04   2.351402e+03   2.370865e+03   8.106303e+04   1.448411e+02
  8.032616e+01   7.429007e+04   2.429540e+03   2.465421e+03   8.255876e+04   1.547253e+02
  8.032616e+01   7.429007e+04   2.429540e+03   2.465421e+03   8.255876e+04   1.547253e+02
  8.519306e+01   7.551022e+04   2.514043e+03   2.573717e+03   8.400918e+04   1.641358e+02
  8.519306e+01   7.551022e+04   2.514043e+03   2.573717e+03   8.400918e+04   1.641358e+02
  9.091967e+01   7.669115e+04   2.608440e+03   2.696267e+03   8.543368e+04   1.732702e+02
  9.091967e+01   7.669115e+04   2.608440e+03   2.696267e+03   8.543368e+04   1.732702e+02
  9.724758e+01   7.786506e+04   2.716079e+03   2.832240e+03   8.685612e+04   1.825110e+02
  9.724758e+01   7.786506e+04   2.716079e+03   2.832240e+03   8.685612e+04   1.825110e+02
  1.042005e+02   7.903153e+04   2.838347e+03   2.982567e+03   8.827563e+04   1.918789e+02
  1.042005e+02   7.903153e+04   2.838347e+03   2.982567e+03   8.827563e+04   1.918789e+02
  1.117466e+02   8.017691e+04   2.978638e+03   3.145886e+03   8.969436e+04   2.015099e+02
  1.117466e+02   8.017691e+04   2.978638e+03   3.145886e+03   8.969436e+04   2.015099e+02
  1.197030e+02   8.126048e+04   3.139258e+03   3.315871e+03   9.110454e+04   2.118386e+02
  1.197030e+02   8.126048e+04   3.139258e+03   3.315871e+03   9.110454e+04   2.118386e+02
  1.280641e+02   8.227298e+04   3.325240e+03   3.492022e+03   9.251381e+04   2.229555e+02
  1.280641e+02   8.227298e+04   3.325240e+03   3.492022e+03   9.251381e+04   2.229555e+02
  1.368759e+02   8.320538e+04   3.536222e+03   3.675197e+03   9.391007e+04   2.348843e+02
  1.368759e+02   8.320538e+04   3.536222e+03   3.675197e+03   9.391007e+04   2.348843e+02
  1.462146e+02   8.405466e+04   3.771994e+03   3.864310e+03   9.528941e+04   2.474557e+02
  1.462146e+02   8.405466e+04   3.771994e+03   3.864310e+03   9.528941e+04   2.474557e+02
  1.562283e+02   8.482140e+04   4.026377e+03   4.058801e+03   9.663033e+04   2.603285e+02
  1.562283e+02   8.482140e+04   4.026377e+03   4.058801e+03   9.663033e+04   2.603285e+02
  1.669745e+02   8.549746e+04   4.300432e+03   4.258313e+03   9.792736e+04   2.734467e+02
  1.669745e+02   8.549746e+04   4.300432e+03   4.258313e+03   9.792736e+04   2.734467e+02
  1.783084e+02   8.610160e+04   4.593206e+03   4.462235e+03   9.918094e+04   2.870318e+02
  1.783084e+02   8.610160e+04   4.593206e+03   4.462235e+03   9.918094e+04   2.870318e+02
  1.897593e+02   8.669657e+04   4.899524e+03   4.669934e+03   1.003976e+05   3.017643e+02
  1.897593e+02   8.669657e+04   4.899524e+03   4.669934e+03   1.003976e+05   3.017643e+02
  2.011379e+02   8.731021e+04   5.218237e+03   4.879896e+03   1.015827e+05   3.178729e+02
  2.011379e+02   8.731021e+04   5.218237e+03   4.879896e+03   1.015827e+05   3.178729e+02
  2.125225e+02   8.792305e+04   5.550992e+03   5.093055e+03   1.027215e+05   3.353900e+02
  2.125225e+02   8.792305e+04   5.550992e+03   5.093055e+03   1.027215e+05   3.353900e+02
  2.237937e+02   8.856913e+04   5.894432e+03   5.308968e+03   1.038456e+05   3.541328e+02
  2.237937e+02   8.856913e+04   5.894432e+03   5.308968e+03   1.038456e+05   3.541328e+02
  2.352048e+02   8.923908e+04   6.244706e+03   5.532056e+03   1.049984e+05   3.732092e+02
  2.352048e+02   8.923908e+04   6.244706e+03   5.532056e+03   1.049984e+05   3.732092e+02
  2.466748e+02   8.995693e+04   6.599281e+03   5.762218e+03   1.062035e+05   3.924588e+02
  2.466748e+02   8.995693e+04   6.599281e+03   5.762218e+03   1.062035e+05   3.924588e+02
  2.584303e+02   9.069603e+04   6.956165e+03   6.001142e+03   1.074403e+05   4.115590e+02
  2.584303e+02   9.069603e+04   6.956165e+03   6.001142e+03   1.074403e+05   4.115590e+02
  2.712235e+02   9.137111e+04   7.308652e+03   6.253679e+03   1.086444e+05   4.294580e+02
  2.712235e+02   9.137111e+04   7.308652e+03   6.253679e+03   1.086444e+05   4.294580e+02
  2.853607e+02   9.195960e+04   7.651229e+03   6.522035e+03   1.098021e+05   4.455051e+02
  2.853607e+02   9.195960e+04   7.651229e+03   6.522035e+03   1.098021e+05   4.455051e+02
  3.008844e+02   9.244682e+04   7.985105e+03   6.806850e+03   1.108991e+05   4.597489e+02
  3.008844e+02   9.244682e+04   7.985105e+03   6.806850e+03   1.108991e+05   4.597489e+02
  3.176975e+02   9.284851e+04   8.303486e+03   7.106193e+03   1.119420e+05   4.714762e+02
  3.176975e+02   9.284851e+04   8.303486e+03   7.106193e+03   1.119420e+05   4.714762e+02
  3.345721e+02   9.320524e+04   8.614891e+03   7.406854e+03   1.129074e+05   4.813146e+02
  3.345721e+02   9.320524e+04   8.614891e+03   7.406854e+03   1.129074e+05   4.813146e+02
  3.511933e+02   9.354092e+04   8.913719e+03   7.704518e+03   1.137987e+05   4.886362e+02
  3.511933e+02   9.354092e+04   8.913719e+03   7.704518e+03   1.137987e+05   4.886362e+02
  3.675418e+02   9.383725e+04   9.203008e+03   7.999917e+03   1.146066e+05   4.935072e+02
  3.675418e+02   9.383725e+04   9.203008e+03   7.999917e+03   1.146066e+05   4.935072e+02
  3.832300e+02   9.407821e+04   9.494462e+03   8.292941e+03   1.153550e+05   4.962561e+02
  3.832300e+02   9.407821e+04   9.494462e+03   8.292941e+03   1.153550e+05   4.962561e+02
  3.980177e+02   9.425578e+04   9.792144e+03   8.582714e+03   1.160499e+05   4.968381e+02
  3.980177e+02   9.425578e+04   9.792144e+03   8.582714e+03   1.160499e+05   4.968381e+02
  4.118454e+02   9.435843e+04   1.009614e+04   8.868847e+03   1.166795e+05   4.950839e+02
  4.118454e+02   9.435843e+04   1.009614e+04   8.868847e+03   1.166795e+05   4.950839e+02
  4.246124e+02   9.440865e+04   1.040658e+04   9.150611e+03   1.172719e+05   4.909600e+02
  4.246124e+02   9.440865e+04   1.040658e+04   9.150611e+03   1.172719e+05   4.909600e+02
  4.375341e+02   9.442028e+04   1.072600e+04   9.439162e+03   1.178588e+05   4.859818e+02
  4.375341e+02   9.442028e+04   1.072600e+04   9.439162e+03   1.178588e+05   4.859818e+02
  4.508594e+02   9.444118e+04   1.105528e+04   9.736953e+03   1.185026e+05   4.806763e+02
  4.508594e+02   9.444118e+04   1.105528e+04   9.736953e+03   1.185026e+05   4.806763e+02
  4.645639e+02   9.444287e+04   1.139545e+04   1.004362e+04   1.191651e+05   4.750097e+02
  4.645639e+02   9.444287e+04   1.139545e+04   1.004362e+04   1.191651e+05   4.750097e+02
  4.782979e+02   9.443659e+04   1.175757e+04   1.035248e+04   1.197698e+05   4.709508e+02
  4.782979e+02   9.443659e+04   1.175757e+04   1.035248e+04   1.197698e+05   4.709508e+02
  4.919197e+02   9.441204e+04   1.214633e+04   1.066090e+04   1.202692e+05   4.692153e+02
  4.919197e+02   9.441204e+04   1.214633e+04   1.066090e+04   1.202692e+05   4.692153e+02
  5.053759e+02   9.437231e+04   1.256401e+04   1.096790e+04   1.206540e+05   4.701411e+02
  5.053759e+02   9.437231e+04   1.256401e+04   1.096790e+04   1.206540e+05   4.701411e+02
  5.183254e+02   9.433980e+04   1.301145e+04   1.127172e+04   1.209279e+05   4.741446e+02
  5.183254e+02   9.433980e+04   1.301145e+04   1.127172e+04   1.209279e+05   4.741446e+02
  5.296181e+02   9.431246e+04   1.347621e+04   1.157239e+04   1.210960e+05   4.799905e+02
  5.296181e+02   9.431246e+04   1.347621e+04   1.157239e+04   1.210960e+05   4.799905e+02
  5.380745e+02   9.435136e+04   1.395286e+04   1.186673e+04   1.211923e+05   4.878967e+02
  5.380745e+02   9.435136e+04   1.395286e+04   1.186673e+04   1.211923e+05   4.878967e+02
  5.438190e+02   9.442078e+04   1.444246e+04   1.215520e+04   1.211821e+05   4.976699e+02
  5.438190e+02   9.442078e+04   1.444246e+04   1.215520e+04   1.211821e+05   4.976699e+02
  5.483982e+02   9.446167e+04   1.493335e+04   1.246049e+04   1.210935e+05   5.091144e+02
  5.483982e+02   9.446167e+04   1.493335e+04   1.246049e+04   1.210935e+05   5.091144e+02
  5.526021e+02   9.441515e+04   1.542192e+04   1.279217e+04   1.209058e+05   5.219242e+02
  5.526021e+02   9.441515e+04   1.542192e+04   1.279217e+04   1.209058e+05   5.219242e+02
  5.564305e+02   9.428285e+04   1.590495e+04   1.315449e+04   1.206259e+05   5.363313e+02
  5.564305e+02   9.428285e+04   1.590495e+04   1.315449e+04   1.206259e+05   5.363313e+02
  5.600408e+02   9.406517e+04   1.638117e+04   1.354898e+04   1.202594e+05   5.525122e+02
  5.600408e+02   9.406517e+04   1.638117e+04   1.354898e+04   1.202594e+05   5.525122e+02
  5.649772e+02   9.378641e+04   1.685894e+04   1.396308e+04   1.198523e+05   5.705179e+02
  5.649772e+02   9.378641e+04   1.685894e+04   1.396308e+04   1.198523e+05   5.705179e+02
  5.726493e+02   9.348998e+04   1.734104e+04   1.439119e+04   1.194800e+05   5.906968e+02
  5.726493e+02   9.348998e+04   1.734104e+04   1.439119e+04   1.194800e+05   5.906968e+02
  5.828756e+02   9.314703e+04   1.782779e+04   1.483347e+04   1.191033e+05   6.130228e+02
  5.828756e+02   9.314703e+04   1.782779e+04   1.483347e+04   1.191033e+05   6.130228e+02
  5.945555e+02   9.273148e+04   1.831280e+04   1.527177e+04   1.186932e+05   6.350623e+02
  5.945555e+02   9.273148e+04   1.831280e+04   1.527177e+04   1.186932e+05   6.350623e+02
  6.063908e+02   9.217418e+04   1.879417e+04   1.569624e+04   1.181511e+05   6.552422e+02
  6.063908e+02   9.217418e+04   1.879417e+04   1.569624e+04   1.181511e+05   6.552422e+02
  6.183992e+02   9.147902e+04   1.926825e+04   1.610013e+04   1.174929e+05   6.728441e+02
  6.183992e+02   9.147902e+04   1.926825e+04   1.610013e+04   1.174929e+05   6.728441e+02
  6.305617e+02   9.063016e+04   1.973368e+04   1.648130e+04   1.167026e+05   6.876569e+02
  6.305617e+02   9.063016e+04   1.973368e+04   1.648130e+04   1.167026e+05   6.876569e+02
  6.413846e+02   8.970485e+04   2.017658e+04   1.684880e+04   1.158531e+05   6.997513e+02
  6.413846e+02   8.970485e+04   2.017658e+04   1.684880e+04   1.158531e+05   6.997513e+02
  6.496980e+02   8.876929e+04   2.058431e+04   1.720683e+04   1.150130e+05   7.088668e+02
  6.496980e+02   8.876929e+04   2.058431e+04   1.720683e+04   1.150130e+05   7.088668e+02
  6.554378e+02   8.780048e+04   2.095568e+04   1.755445e+04   1.141549e+05   7.149295e+02
  6.554378e+02   8.780048e+04   2.095568e+04   1.755445e+04   1.141549e+05   7.149295e+02
  6.596653e+02   8.682955e+04   2.129933e+04   1.788763e+04   1.133098e+05   7.189007e+02
  6.596653e+02   8.682955e+04   2.129933e+04   1.788763e+04   1.133098e+05   7.189007e+02
  6.639375e+02   8.579044e+04   2.163329e+04   1.820572e+04   1.123887e+05   7.223952e+02
  6.639375e+02   8.579044e+04   2.163329e+04   1.820572e+04   1.123887e+05   7.223952e+02
  6.684895e+02   8.472847e+04   2.195630e+04   1.850431e+04   1.114443e+05   7.255143e+02
  6.684895e+02   8.472847e+04   2.195630e+04   1.850431e+04   1.114443e+05   7.255143e+02
  6.732249e+02   8.361970e+04   2.226633e+04   1.878178e+04   1.104484e+05   7.281374e+02
  6.732249e+02   8.361970e+04   2.226633e+04   1.878178e+04   1.104484e+05   7.281374e+02
  6.790374e+02   8.250338e+04   2.255815e+04   1.902776e+04   1.094492e+05   7.303575e+02
  6.790374e+02   8.250338e+04   2.255815e+04   1.902776e+04   1.094492e+05   7.303575e+02
  6.866759e+02   8.140119e+04   2.282657e+04   1.923293e+04   1.084740e+05   7.322066e+02
  6.866759e+02   8.140119e+04   2.282657e+04   1.923293e+04   1.084740e+05   7.322066e+02
  6.962317e+02   8.030969e+04   2.306822e+04   1.939336e+04   1.075182e+05   7.336248e+02
  6.962317e+02   8.030969e+04   2.306822e+04   1.939336e+04   1.075182e+05   7.336248e+02
  7.064426e+02   7.923685e+04   2.326827e+04   1.951703e+04   1.065713e+05   7.347762e+02
  7.064426e+02   7.923685e+04   2.326827e+04   1.951703e+04   1.065713e+05   7.347762e+02
  7.144899e+02   7.808647e+04   2.340783e+04   1.962540e+04   1.054904e+05   7.355650e+02
  7.144899e+02   7.808647e+04   2.340783e+04   1.962540e+04   1.054904e+05   7.355650e+02
  7.197036e+02   7.690709e+04   2.347266e+04   1.972063e+04   1.043156e+05   7.362496e+02
  7.197036e+02   7.690709e+04   2.347266e+04   1.972063e+04   1.043156e+05   7.362496e+02
  7.220846e+02   7.566074e+04   2.346044e+04   1.979841e+04   1.030042e+05   7.366106e+02
  7.220846e+02   7.566074e+04   2.346044e+04   1.979841e+04   1.030042e+05   7.366106e+02
  7.212501e+02   7.443649e+04   2.337945e+04   1.986544e+04   1.016534e+05   7.367534e+02
  7.212501e+02   7.443649e+04   2.337945e+04   1.986544e+04   1.016534e+05   7.367534e+02
  7.171950e+02   7.328584e+04   2.324735e+04   1.992581e+04   1.003269e+05   7.365170e+02
  7.171950e+02   7.328584e+04   2.324735e+04   1.992581e+04   1.003269e+05   7.365170e+02
  7.095497e+02   7.223871e+04   2.306125e+04   1.998048e+04   9.905233e+04   7.359110e+02
  7.095497e+02   7.223871e+04   2.306125e+04   1.998048e+04   9.905233e+04   7.359110e+02
  6.990189e+02   7.127104e+04   2.282608e+04   2.002093e+04   9.781045e+04   7.346119e+02
  6.990189e+02   7.127104e+04   2.282608e+04   2.002093e+04   9.781045e+04   7.346119e+02
  6.881852e+02   7.020311e+04   2.255734e+04   2.001893e+04   9.643205e+04   7.315427e+02
  6.881852e+02   7.020311e+04   2.255734e+04   2.001893e+04   9.643205e+04   7.315427e+02
  6.775516e+02   6.906133e+04   2.226121e+04   1.996960e+04   9.495156e+04   7.265248e+02
  6.775516e+02   6.906133e+04   2.226121e+04   1.996960e+04   9.495156e+04   7.265248e+02
  6.667488e+02   6.781294e+04   2.192825e+04   1.986868e+04   9.332513e+04   7.193745e+02
  6.667488e+02   6.781294e+04   2.192825e+04   1.986868e+04   9.332513e+04   7.193745e+02
  6.566335e+02   6.650940e+04   2.157360e+04   1.972186e+04   9.161226e+04   7.104227e+02
  6.566335e+02   6.650940e+04   2.157360e+04   1.972186e+04   9.161226e+04   7.104227e+02
  6.474711e+02   6.516340e+04   2.120376e+04   1.954259e+04   8.981591e+04   7.003378e+02
  6.474711e+02   6.516340e+04   2.120376e+04   1.954259e+04   8.981591e+04   7.003378e+02
  6.397967e+02   6.380258e+04   2.082656e+04   1.933187e+04   8.796690e+04   6.892255e+02
  6.397967e+02   6.380258e+04   2.082656e+04   1.933187e+04   8.796690e+04   6.892255e+02
  6.332665e+02   6.242126e+04   2.044608e+04   1.909245e+04   8.605385e+04   6.769815e+02
  6.332665e+02   6.242126e+04   2.044608e+04   1.909245e+04   8.605385e+04   6.769815e+02
  6.264225e+02   6.098521e+04   2.006874e+04   1.883463e+04   8.402784e+04   6.633601e+02
  6.264225e+02   6.098521e+04   2.006874e+04   1.883463e+04   8.402784e+04   6.633601e+02
  6.192637e+02   5.951970e+04   1.970942e+04   1.856611e+04   8.191482e+04   6.484279e+02
  6.192637e+02   5.951970e+04   1.970942e+04   1.856611e+04   8.191482e+04   6.484279e+02
  6.115615e+02   5.799469e+04   1.935864e+04   1.827954e+04   7.967391e+04   6.318988e+02
  6.115615e+02   5.799469e+04   1.935864e+04   1.827954e+04   7.967391e+04   6.318988e+02
  6.038238e+02   5.648212e+04   1.904276e+04   1.798864e+04   7.741424e+04   6.143240e+02
  6.038238e+02   5.648212e+04   1.904276e+04   1.798864e+04   7.741424e+04   6.143240e+02
  5.961189e+02   5.498591e+04   1.875204e+04   1.768816e+04   7.520880e+04   5.962140e+02
  5.961189e+02   5.498591e+04   1.875204e+04   1.768816e+04   7.520880e+04   5.962140e+02
  5.888801e+02   5.356760e+04   1.850862e+04   1.738920e+04   7.315589e+04   5.780597e+02
  5.888801e+02   5.356760e+04   1.850862e+04   1.738920e+04   7.315589e+04   5.780597e+02
  5.818953e+02   5.218552e+04   1.829733e+04   1.708540e+04   7.120251e+04   5.598140e+02
  5.818953e+02   5.218552e+04   1.829733e+04   1.708540e+04   7.120251e+04   5.598140e+02
  5.747678e+02   5.073382e+04   1.807418e+04   1.676649e+04   6.921869e+04   5.418652e+02
  5.747678e+02   5.073382e+04   1.807418e+04   1.676649e+04   6.921869e+04   5.418652e+02
  5.674904e+02   4.918866e+04   1.782826e+04   1.643202e+04   6.718547e+04   5.245905e+02
  5.674904e+02   4.918866e+04   1.782826e+04   1.643202e+04   6.718547e+04   5.245905e+02
  5.599394e+02   4.753269e+04   1.755508e+04   1.607749e+04   6.508165e+04   5.078469e+02
  5.599394e+02   4.753269e+04   1.755508e+04   1.607749e+04   6.508165e+04   5.078469e+02
  5.526404e+02   4.581496e+04   1.726342e+04   1.571913e+04   6.297444e+04   4.925052e+02
  5.526404e+02   4.581496e+04   1.726342e+04   1.571913e+04   6.297444e+04   4.925052e+02
  5.459250e+02   4.408664e+04   1.695610e+04   1.537181e+04   6.085192e+04   4.783279e+02
  5.459250e+02   4.408664e+04   1.695610e+04   1.537181e+04   6.085192e+04   4.783279e+02
  5.405448e+02   4.242372e+04   1.664588e+04   1.505985e+04   5.880115e+04   4.663858e+02
  5.405448e+02   4.242372e+04   1.664588e+04   1.505985e+04   5.880115e+04   4.663858e+02
  5.361501e+02   4.078904e+04   1.632168e+04   1.477043e+04   5.677827e+04   4.561452e+02
  5.361501e+02   4.078904e+04   1.632168e+04   1.477043e+04   5.677827e+04   4.561452e+02
  5.322212e+02   3.915215e+04   1.596210e+04   1.448029e+04   5.476568e+04   4.465339e+02
  5.322212e+02   3.915215e+04   1.596210e+04   1.448029e+04   5.476568e+04   4.465339e+02
  5.285271e+02   3.749562e+04   1.555595e+04   1.417883e+04   5.274972e+04   4.371054e+02
  5.285271e+02   3.749562e+04   1.555595e+04   1.417883e+04   5.274972e+04   4.371054e+02
  5.250914e+02   3.582001e+04   1.509925e+04   1.386532e+04   5.073297e+04   4.278891e+02
  5.250914e+02   3.582001e+04   1.509925e+04   1.386532e+04   5.073297e+04   4.278891e+02
  5.220587e+02   3.416445e+04   1.459823e+04   1.354674e+04   4.877887e+04   4.193055e+02
  5.220587e+02   3.416445e+04   1.459823e+04   1.354674e+04   4.877887e+04   4.193055e+02
  5.187466e+02   3.252499e+04   1.407170e+04   1.321936e+04   4.691217e+04   4.114785e+02
  5.187466e+02   3.252499e+04   1.407170e+04   1.321936e+04   4.691217e+04   4.114785e+02
  5.152772e+02   3.098509e+04   1.354305e+04   1.289850e+04   4.527311e+04   4.053120e+02
  5.152772e+02   3.098509e+04   1.354305e+04   1.289850e+04   4.527311e+04   4.053120e+02
  5.114017e+02   2.950085e+04   1.299981e+04   1.257416e+04   4.379527e+04   4.003822e+02
  5.114017e+02   2.950085e+04   1.299981e+04   1.257416e+04   4.379527e+04   4.003822e+02
  5.065940e+02   2.805347e+04   1.244946e+04   1.224985e+04   4.233998e+04   3.956927e+02
  5.065940e+02   2.805347e+04   1.244946e+04   1.224985e+04   4.233998e+04   3.956927e+02
  5.005141e+02   2.660994e+04   1.188648e+04   1.192039e+04   4.082130e+04   3.906592e+02
  5.005141e+02   2.660994e+04   1.188648e+04   1.192039e+04   4.082130e+04   3.906592e+02
  4.930665e+02   2.518716e+04   1.131525e+04   1.158942e+04   3.924725e+04   3.853206e+02
  4.930665e+02   2.518716e+04   1.131525e+04   1.158942e+04   3.924725e+04   3.853206e+02
  4.843115e+02   2.381268e+04   1.074304e+04   1.126314e+04   3.763439e+04   3.797105e+02
  4.843115e+02   2.381268e+04   1.074304e+04   1.126314e+04   3.763439e+04   3.797105e+02
  4.749507e+02   2.251839e+04   1.017599e+04   1.094831e+04   3.600278e+04   3.736525e+02
  4.749507e+02   2.251839e+04   1.017599e+04   1.094831e+04   3.600278e+04   3.736525e+02
  4.656348e+02   2.138912e+04   9.638216e+03   1.066537e+04   3.441614e+04   3.672594e+02
  4.656348e+02   2.138912e+04   9.638216e+03   1.066537e+04   3.441614e+04   3.672594e+02
  4.561036e+02   2.039581e+04   9.118603e+03   1.040589e+04   3.284197e+04   3.603567e+02
  4.561036e+02   2.039581e+04   9.118603e+03   1.040589e+04   3.284197e+04   3.603567e+02
  4.456037e+02   1.946496e+04   8.621742e+03   1.014469e+04   3.127887e+04   3.527705e+02
  4.456037e+02   1.946496e+04   8.621742e+03   1.014469e+04   3.127887e+04   3.527705e+02
  4.334691e+02   1.851614e+04   8.131823e+03   9.858014e+03   2.967729e+04   3.442085e+02
  4.334691e+02   1.851614e+04   8.131823e+03   9.858014e+03   2.967729e+04   3.442085e+02
  4.196071e+02   1.756455e+04   7.660776e+03   9.546700e+03   2.806188e+04   3.346644e+02
  4.196071e+02   1.756455e+04   7.660776e+03   9.546700e+03   2.806188e+04   3.346644e+02
  4.039109e+02   1.661321e+04   7.212242e+03   9.209977e+03   2.643911e+04   3.241154e+02
  4.039109e+02   1.661321e+04   7.212242e+03   9.209977e+03   2.643911e+04   3.241154e+02
  3.867047e+02   1.567863e+04   6.797474e+03   8.858869e+03   2.486414e+04   3.131747e+02
  3.867047e+02   1.567863e+04   6.797474e+03   8.858869e+03   2.486414e+04   3.131747e+02
  3.682653e+02   1.479140e+04   6.437189e+03   8.505000e+03   2.340878e+04   3.023939e+02
  3.682653e+02   1.479140e+04   6.437189e+03   8.505000e+03   2.340878e+04   3.023939e+02
  3.483570e+02   1.393855e+04   6.125227e+03   8.143022e+03   2.205103e+04   2.915935e+02
  3.483570e+02   1.393855e+04   6.125227e+03   8.143022e+03   2.205103e+04   2.915935e+02
  3.281304e+02   1.312753e+04   5.845483e+03   7.780300e+03   2.077645e+04   2.806505e+02
  3.281304e+02   1.312753e+04   5.845483e+03   7.780300e+03   2.077645e+04   2.806505e+02
  3.077841e+02   1.231334e+04   5.558871e+03   7.405605e+03   1.948519e+04   2.689303e+02
  3.077841e+02   1.231334e+04   5.558871e+03   7.405605e+03   1.948519e+04   2.689303e+02
  2.879069e+02   1.152010e+04   5.272524e+03   7.027333e+03   1.821156e+04   2.565785e+02
  2.879069e+02   1.152010e+04   5.272524e+03   7.027333e+03   1.821156e+04   2.565785e+02
  2.683939e+02   1.074368e+04   4.984557e+03   6.642849e+03   1.694845e+04   2.434878e+02
  2.683939e+02   1.074368e+04   4.984557e+03   6.642849e+03   1.694845e+04   2.434878e+02
  2.499565e+02   1.001387e+04   4.704345e+03   6.264739e+03   1.573192e+04   2.299562e+02
  2.499565e+02   1.001387e+04   4.704345e+03   6.264739e+03   1.573192e+04   2.299562e+02
  2.332102e+02   9.356396e+03   4.439816e+03   5.903462e+03   1.459343e+04   2.162153e+02
  2.332102e+02   9.356396e+03   4.439816e+03   5.903462e+03   1.459343e+04   2.162153e+02
  2.181283e+02   8.770283e+03   4.190087e+03   5.557781e+03   1.353043e+04   2.021958e+02
  2.181283e+02   8.770283e+03   4.190087e+03   5.557781e+03   1.353043e+04   2.021958e+02
  2.044466e+02   8.239272e+03   3.952988e+03   5.229155e+03   1.254878e+04   1.883380e+02
  2.044466e+02   8.239272e+03   3.952988e+03   5.229155e+03   1.254878e+04   1.883380e+02
  1.906076e+02   7.694124e+03   3.709171e+03   4.897282e+03   1.158006e+04   1.745526e+02
  1.906076e+02   7.694124e+03   3.709171e+03   4.897282e+03   1.158006e+04   1.745526e+02
  1.770388e+02   7.148830e+03   3.464890e+03   4.572788e+03   1.066214e+04   1.613426e+02
  1.770388e+02   7.148830e+03   3.464890e+03   4.572788e+03   1.066214e+04   1.613426e+02
  1.635475e+02   6.595961e+03   3.216762e+03   4.250951e+03   9.781406e+03   1.485143e+02
  1.635475e+02   6.595961e+03   3.216762e+03   4.250951e+03   9.781406e+03   1.485143e+02
  1.506803e+02   6.057846e+03   2.975669e+03   3.944816e+03   8.976999e+03   1.366338e+02
  1.506803e+02   6.057846e+03   2.975669e+03   3.944816e+03   8.976999e+03   1.366338e+02
  1.387120e+02   5.547080e+03   2.748046e+03   3.660753e+03   8.266304e+03   1.259693e+02
  1.387120e+02   5.547080e+03   2.748046e+03   3.660753e+03   8.266304e+03   1.259693e+02
  1.277931e+02   5.069086e+03   2.536475e+03   3.402369e+03   7.662129e+03   1.166946e+02
  1.277931e+02   5.069086e+03   2.536475e+03   3.402369e+03   7.662129e+03   1.166946e+02
  1.178679e+02   4.625398e+03   2.340539e+03   3.167072e+03   7.146881e+03   1.085858e+02
  1.178679e+02   4.625398e+03   2.340539e+03   3.167072e+03   7.146881e+03   1.085858e+02
  1.079931e+02   4.186887e+03   2.144707e+03   2.929813e+03   6.624614e+03   1.003441e+02
  1.079931e+02   4.186887e+03   2.144707e+03   2.929813e+03   6.624614e+03   1.003441e+02
  9.853556e+01   3.770630e+03   1.955909e+03   2.698373e+03   6.111509e+03   9.221422e+01
  9.853556e+01   3.770630e+03   1.955909e+03   2.698373e+03   6.111509e+03   9.221422e+01
  8.929618e+01   3.367781e+03   1.770267e+03   2.468097e+03   5.597471e+03   8.404007e+01
  8.929618e+01   3.367781e+03   1.770267e+03   2.468097e+03   5.597471e+03   8.404007e+01
  8.071326e+01   2.996838e+03   1.595616e+03   2.249722e+03   5.107448e+03   7.619706e+01
  8.071326e+01   2.996838e+03   1.595616e+03   2.249722e+03   5.107448e+03   7.619706e+01
  7.286480e+01   2.659370e+03   1.432801e+03   2.046385e+03   4.650892e+03   6.882380e+01
  7.286480e+01   2.659370e+03   1.432801e+03   2.046385e+03   4.650892e+03   6.882380e+01
  6.599558e+01   2.366067e+03   1.286192e+03   1.863764e+03   4.240662e+03   6.211240e+01
  6.599558e+01   2.366067e+03   1.286192e+03   1.863764e+03   4.240662e+03   6.211240e+01
  5.998816e+01   2.112360e+03   1.154698e+03   1.699548e+03   3.872216e+03   5.601044e+01
  5.998816e+01   2.112360e+03   1.154698e+03   1.699548e+03   3.872216e+03   5.601044e+01
  5.409823e+01   1.866985e+03   1.027374e+03   1.537530e+03   3.510784e+03   5.003443e+01
  5.409823e+01   1.866985e+03   1.027374e+03   1.537530e+03   3.510784e+03   5.003443e+01
  4.846488e+01   1.636587e+03   9.079383e+02   1.381484e+03   3.165528e+03   4.434068e+01
  4.846488e+01   1.636587e+03   9.079383e+02   1.381484e+03   3.165528e+03   4.434068e+01
  4.299719e+01   1.417351e+03   7.943914e+02   1.228932e+03   2.830796e+03   3.883763e+01
  4.299719e+01   1.417351e+03   7.943914e+02   1.228932e+03   2.830796e+03   3.883763e+01
  3.798721e+01   1.222573e+03   6.935678e+02   1.087423e+03   2.522530e+03   3.379973e+01
  3.798721e+01   1.222573e+03   6.935678e+02   1.087423e+03   2.522530e+03   3.379973e+01
  3.344848e+01   1.052806e+03   6.055028e+02   9.570177e+02   2.237453e+03   2.919302e+01
  3.344848e+01   1.052806e+03   6.055028e+02   9.570177e+02   2.237453e+03   2.919302e+01
  2.960694e+01   9.184592e+02   5.355496e+02   8.435308e+02   1.987928e+03   2.523088e+01
  2.960694e+01   9.184592e+02   5.355496e+02   8.435308e+02   1.987928e+03   2.523088e+01
  2.634193e+01   8.130868e+02   4.803323e+02   7.443462e+02   1.768687e+03   2.182077e+01
  2.634193e+01   8.130868e+02   4.803323e+02   7.443462e+02   1.768687e+03   2.182077e+01
  2.323917e+01   7.144521e+02   4.282607e+02   6.504009e+02   1.561423e+03   1.863611e+01
  2.323917e+01   7.144521e+02   4.282607e+02   6.504009e+02   1.561423e+03   1.863611e+01
  2.028549e+01   6.204925e+02   3.782090e+02   5.620944e+02   1.367489e+03   1.569483e+01
  2.028549e+01   6.204925e+02   3.782090e+02   5.620944e+02   1.367489e+03   1.569483e+01
  1.745339e+01   5.303391e+02   3.297059e+02   4.786109e+02   1.185062e+03   1.297022e+01
  1.745339e+01   5.303391e+02   3.297059e+02   4.786109e+02   1.185062e+03   1.297022e+01
  1.488666e+01   4.483602e+02   2.850459e+02   4.045937e+02   1.025212e+03   1.063445e+01
  1.488666e+01   4.483602e+02   2.850459e+02   4.045937e+02   1.025212e+03   1.063445e+01
  1.256006e+01   3.731996e+02   2.438755e+02   3.390937e+02   8.873581e+02   8.652669e+00
  1.256006e+01   3.731996e+02   2.438755e+02   3.390937e+02   8.873581e+02   8.652669e+00
  1.061996e+01   3.092484e+02   2.085351e+02   2.868264e+02   7.829013e+02   7.199801e+00
  1.061996e+01   3.092484e+02   2.085351e+02   2.868264e+02   7.829013e+02   7.199801e+00
  8.996232e+00   2.546016e+02   1.779642e+02   2.453286e+02   7.050576e+02   6.176000e+00
  8.996232e+00   2.546016e+02   1.779642e+02   2.453286e+02   7.050576e+02   6.176000e+00
  7.522400e+00   2.052322e+02   1.498939e+02   2.080925e+02   6.341648e+02   5.289856e+00
  7.522400e+00   2.052322e+02   1.498939e+02   2.080925e+02   6.341648e+02   5.289856e+00
  6.160604e+00   1.604079e+02   1.238728e+02   1.734366e+02   5.645082e+02   4.459033e+00
  6.160604e+00   1.604079e+02   1.238728e+02   1.734366e+02   5.645082e+02   4.459033e+00
  4.915748e+00   1.203485e+02   9.998805e+01   1.414672e+02   4.960308e+02   3.685632e+00
  4.915748e+00   1.203485e+02   9.998805e+01   1.414672e+02   4.960308e+02   3.685632e+00
  3.849181e+00   8.730334e+01   7.940076e+01   1.137029e+02   4.308935e+02   3.003908e+00
  3.849181e+00   8.730334e+01   7.940076e+01   1.137029e+02   4.308935e+02   3.003908e+00
  2.943994e+00   6.070044e+01   6.183187e+01   8.981578e+01   3.690424e+02   2.404775e+00
  2.943994e+00   6.070044e+01   6.183187e+01   8.981578e+01   3.690424e+02   2.404775e+00
  2.290246e+00   4.382401e+01   4.899694e+01   7.206272e+01   3.139050e+02   1.939011e+00
  2.290246e+00   4.382401e+01   4.899694e+01   7.206272e+01   3.139050e+02   1.939011e+00
  1.843715e+00   3.501823e+01   4.005528e+01   5.934284e+01   2.639750e+02   1.582252e+00
  1.843715e+00   3.501823e+01   4.005528e+01   5.934284e+01   2.639750e+02   1.582252e+00
  1.480779e+00   2.888714e+01   3.268811e+01   4.870651e+01   2.181947e+02   1.276796e+00
  1.480779e+00   2.888714e+01   3.268811e+01   4.870651e+01   2.181947e+02   1.276796e+00
  1.148691e+00   2.321443e+01   2.590155e+01   3.887862e+01   1.757420e+02   9.968258e-01
  1.148691e+00   2.321443e+01   2.590155e+01   3.887862e+01   1.757420e+02   9.968258e-01
  8.535368e-01   1.809493e+01   1.981333e+01   3.002538e+01   1.373129e+02   7.474040e-01
  8.535368e-01   1.809493e+01   1.981333e+01   3.002538e+01   1.373129e+02   7.474040e-01
  6.070107e-01   1.371345e+01   1.465114e+01   2.246856e+01   1.042597e+02   5.382877e-01
  6.070107e-01   1.371345e+01   1.465114e+01   2.246856e+01   1.042597e+02   5.382877e-01
  4.080197e-01   1.004733e+01   1.038823e+01   1.616437e+01   7.637741e+01   3.685731e-01
  4.080197e-01   1.004733e+01   1.038823e+01   1.616437e+01   7.637741e+01   3.685731e-01
  2.794677e-01   7.460968e+00   7.471799e+00   1.174496e+01   5.632663e+01   2.574045e-01
  2.794677e-01   7.460968e+00   7.471799e+00   1.174496e+01   5.632663e+01   2.574045e-01
  2.148815e-01   5.845773e+00   5.771222e+00   9.022520e+00   4.330173e+01   1.993353e-01
  2.148815e-01   5.845773e+00   5.771222e+00   9.022520e+00   4.330173e+01   1.993353e-01
  1.727090e-01   4.619352e+00   4.534497e+00   6.977598e+00   3.322404e+01   1.601719e-01
  1.727090e-01   4.619352e+00   4.534497e+00   6.977598e+00   3.322404e+01   1.601719e-01
  1.337851e-01   3.495893e+00   3.401781e+00   5.112014e+00   2.404811e+01   1.240280e-01
  1.337851e-01   3.495893e+00   3.401781e+00   5.112014e+00   2.404811e+01   1.240280e-01
  9.932566e-02   2.512368e+00   2.410365e+00   3.488788e+00   1.608785e+01   9.203325e-02
  9.932566e-02   2.512368e+00   2.410365e+00   3.488788e+00   1.608785e+01   9.203325e-02
  7.406917e-02   1.828499e+00   1.720524e+00   2.390068e+00   1.077669e+01   6.859397e-02
  7.406917e-02   1.828499e+00   1.720524e+00   2.390068e+00   1.077669e+01   6.859397e-02
  5.484435e-02   1.353071e+00   1.240027e+00   1.663823e+00   7.366806e+00   5.076530e-02
  5.484435e-02   1.353071e+00   1.240027e+00   1.663823e+00   7.366806e+00   5.076530e-02
  3.432657e-02   8.456711e-01   7.273455e-01   8.891447e-01   3.729964e+00   3.173768e-02
  3.432657e-02   8.456711e-01   7.273455e-01   8.891447e-01   3.729964e+00   3.173768e-02
  1.233019e-02   3.017095e-01   1.778723e-01   5.912131e-02   0.000000e+00   1.133895e-02
  1.233019e-02   3.017095e-01   1.778723e-01   5.912131e-02   0.000000e+00   1.133895e-02
  0.000000e+00   0.000000e+00   0.000000e+00   0.000000e+00   0.000000e+00   0.000000e+00
  0.000000e+00   0.000000e+00   0.000000e+00   0.000000e+00   0.000000e+00   0.000000e+00
  0.000000e+00   0.000000e+00   0.000000e+00   0.000000e+00   0.000000e+00   0.000000e+00
  0.000000e+00   0.000000e+00   0.000000e+00   0.000000e+00   0.000000e+00   0.000000e+00
  0.000000e+00   0.000000e+00   0.000000e+00   0.000000e+00   0.000000e+00   0.000000e+00
  0.000000e+00   0.000000e+00   0.000000e+00   0.000000e+00   0.000000e+00   0.000000e+00
  0.000000e+00   0.000000e+00   0.000000e+00   0.000000e+00   0.000000e+00   0.000000e+00
  0.000000e+00   0.000000e+00   0.000000e+00   0.000000e+00   0.000000e+00   0.000000e+00
  0.000000e+00   0.000000e+00   0.000000e+00   0.000000e+00   0.000000e+00   0.000000e+00
  0.000000e+00   0.000000e+00   0.000000e+00   0.000000e+00   0.000000e+00   0.000000e+00
  0.000000e+00   0.000000e+00   0.000000e+00   0.000000e+00   0.000000e+00   0.000000e+00
  0.000000e+00   0.000000e+00   0.000000e+00   0.000000e+00   0.000000e+00   0.000000e+00
  0.000000e+00   0.000000e+00   0.000000e+00   0.000000e+00   0.000000e+00   0.000000e+00
  0.000000e+00   0.000000e+00   0.000000e+00   0.000000e+00   0.000000e+00   0.000000e+00
  0.000000e+00   0.000000e+00   0.000000e+00   0.000000e+00   0.000000e+00   0.000000e+00
  0.000000e+00   0.000000e+00   0.000000e+00   0.000000e+00   0.000000e+00   0.000000e+00
  0.000000e+00   0.000000e+00   0.000000e+00   0.000000e+00   0.000000e+00   0.000000e+00
  0.000000e+00   0.000000e+00   0.000000e+00   0.000000e+00   0.000000e+00   0.000000e+00
  0.000000e+00   0.000000e+00   0.000000e+00   0.000000e+00   0.000000e+00   0.000000e+00
  0.000000e+00   0.000000e+00   0.000000e+00   0.000000e+00   0.000000e+00   0.000000e+00
  0.000000e+00   0.000000e+00   0.000000e+00   0.000000e+00   0.000000e+00   0.000000e+00
  0.000000e+00   0.000000e+00   0.000000e+00   0.000000e+00   0.000000e+00   0.000000e+00
  0.000000e+00   0.000000e+00   0.000000e+00   0.000000e+00   0.000000e+00   0.000000e+00
  0.000000e+00   0.000000e+00   0.000000e+00   0.000000e+00   0.000000e+00   0.000000e+00
---
